%YAML:1.0
calibration_setup_is_setup: 1
camera_projection_matrix: !!opencv-matrix
   rows: 3
   cols: 4
   dt: d
   data: [ 4.4810089858533428e+02, 0., 3.7650000000000000e+02, 0., 0.,
       4.4810089858533428e+02, 2.4050000000000000e+02, 0., 0., 0., 1.,
       0. ]
calibration_pattern_world_coordinates: !!opencv-matrix
   rows: 3
   cols: 48
   dt: d
   data: [ 0., 0., 0., 0., 0., 0., 0., 0., 5.0000000745058060e-02,
       5.0000000745058060e-02, 5.0000000745058060e-02,
       5.0000000745058060e-02, 5.0000000745058060e-02,
       5.0000000745058060e-02, 5.0000000745058060e-02,
       5.0000000745058060e-02, 1.0000000149011612e-01,
       1.0000000149011612e-01, 1.0000000149011612e-01,
       1.0000000149011612e-01, 1.0000000149011612e-01,
       1.0000000149011612e-01, 1.0000000149011612e-01,
       1.0000000149011612e-01, 1.5000000596046448e-01,
       1.5000000596046448e-01, 1.5000000596046448e-01,
       1.5000000596046448e-01, 1.5000000596046448e-01,
       1.5000000596046448e-01, 1.5000000596046448e-01,
       1.5000000596046448e-01, 2.0000000298023224e-01,
       2.0000000298023224e-01, 2.0000000298023224e-01,
       2.0000000298023224e-01, 2.0000000298023224e-01,
       2.0000000298023224e-01, 2.0000000298023224e-01,
       2.0000000298023224e-01, 2.5000000000000000e-01,
       2.5000000000000000e-01, 2.5000000000000000e-01,
       2.5000000000000000e-01, 2.5000000000000000e-01,
       2.5000000000000000e-01, 2.5000000000000000e-01,
       2.5000000000000000e-01, 0., 5.0000000745058060e-02,
       1.0000000149011612e-01, 1.5000000596046448e-01,
       2.0000000298023224e-01, 2.5000000000000000e-01,
       3.0000001192092896e-01, 3.4999999403953552e-01, 0.,
       5.0000000745058060e-02, 1.0000000149011612e-01,
       1.5000000596046448e-01, 2.0000000298023224e-01,
       2.5000000000000000e-01, 3.0000001192092896e-01,
       3.4999999403953552e-01, 0., 5.0000000745058060e-02,
       1.0000000149011612e-01, 1.5000000596046448e-01,
       2.0000000298023224e-01, 2.5000000000000000e-01,
       3.0000001192092896e-01, 3.4999999403953552e-01, 0.,
       5.0000000745058060e-02, 1.0000000149011612e-01,
       1.5000000596046448e-01, 2.0000000298023224e-01,
       2.5000000000000000e-01, 3.0000001192092896e-01,
       3.4999999403953552e-01, 0., 5.0000000745058060e-02,
       1.0000000149011612e-01, 1.5000000596046448e-01,
       2.0000000298023224e-01, 2.5000000000000000e-01,
       3.0000001192092896e-01, 3.4999999403953552e-01, 0.,
       5.0000000745058060e-02, 1.0000000149011612e-01,
       1.5000000596046448e-01, 2.0000000298023224e-01,
       2.5000000000000000e-01, 3.0000001192092896e-01,
       3.4999999403953552e-01, 0., 0., 0., 0., 0., 0., 0., 0., 0., 0.,
       0., 0., 0., 0., 0., 0., 0., 0., 0., 0., 0., 0., 0., 0., 0., 0.,
       0., 0., 0., 0., 0., 0., 0., 0., 0., 0., 0., 0., 0., 0., 0., 0.,
       0., 0., 0., 0., 0., 0. ]
image_height: 480
image_width: 752
hand_poses: !!opencv-matrix
   rows: 7
   cols: 25
   dt: d
   data: [ 2.1930323247200175e-03, -1.0087537653608510e-01,
       -8.6876394396520729e-02, 3.1566545013232319e-02,
       3.3649989603190787e-02, -1.3927141322780501e-01,
       -1.5557953643800129e-01, -1.5428954516417855e-02,
       -1.5437661618637811e-02, -1.2097819023362358e-01,
       -1.0831254885555189e-01, 1.8389818305537937e-02,
       2.3075707811709145e-03, -1.2402499152176591e-01,
       -6.3138386800438498e-02, 2.1395026809708168e-03,
       -1.4787685110865700e-01, -1.1502728912128836e-01,
       -6.5035637658111906e-02, -6.1259085541699884e-02,
       -6.6698565692410366e-02, -1.5179724670811415e-01,
       -1.3943837237285472e-01, -1.4359890210145640e-01,
       -4.8181055010093343e-02, 6.8954057648540723e-01,
       6.8212557106355198e-01, 5.8746398567834557e-01,
       5.9301335872188266e-01, 6.3215169445303221e-01,
       6.1753742206543150e-01, 6.8984840906521316e-01,
       7.0700563502727076e-01, 7.0741938675566407e-01,
       6.9716974828071832e-01, 6.2417154341135450e-01,
       6.5238738781850925e-01, 7.2539558523825143e-01,
       7.1471817033115259e-01, 6.5008879605821757e-01,
       6.7215808942809396e-01, 6.5569271503310222e-01,
       6.6286511711593876e-01, 6.6962081899662051e-01,
       6.3074946984234259e-01, 6.8674911959129714e-01,
       6.7307605069629872e-01, 6.1826877683256976e-01,
       6.3671715690207709e-01, 6.6971477312483341e-01,
       1.4659056555506225e-02, 1.2270203271358246e-01,
       1.3631152031760146e-01, -2.3939106654141486e-02,
       -2.3032363243144754e-02, 1.8794683646791435e-01,
       1.7166182155199231e-01, 3.1977327913994560e-02,
       3.1959263260727032e-02, 1.3708686755993740e-01,
       1.5011046655379837e-01, -3.6039116608837796e-03,
       1.3933316142918869e-02, 1.3353958492885082e-01,
       9.0832765479364530e-02, 1.4985872753626292e-02,
       1.7976306853858698e-01, 1.4353486986277378e-01,
       8.8747856661220370e-02, 9.2788657697625385e-02,
       8.6827440555064736e-02, 1.7573773994684305e-01,
       1.8779975657894732e-01, 1.8394183708895542e-01,
       7.0473982235144020e-02, 7.2409536391990359e-01,
       7.1377382613674012e-01, 7.9294244876679232e-01,
       8.0421740144436149e-01, 7.7377091160323519e-01,
       7.5095072572573940e-01, 6.8588366314804650e-01,
       7.0631609772232795e-01, 7.0590232705227729e-01,
       6.9319969006960869e-01, 7.5904224124017161e-01,
       7.5765395967999283e-01, 6.8818731660443055e-01,
       6.7525026303848734e-01, 7.5176293475216416e-01,
       7.4025289527462501e-01, 7.1825116745348849e-01,
       7.2579356596883515e-01, 7.3450809562505015e-01,
       7.6797961934863301e-01, 7.1860138021145625e-01,
       7.0216983175673808e-01, 7.5035452376383760e-01,
       7.3493946552769396e-01, 7.3769514463929342e-01,
       1.8021654467297046e-01, 1.7245165154768555e-01,
       1.6664757067283778e-01, 1.7361462184380763e-01,
       1.5033808834672246e-01, 1.3719637992388126e-01,
       1.3986256696507104e-01, 1.5346818049884772e-01,
       1.9072397547276115e-01, 1.7996901996626927e-01,
       1.7720904492572503e-01, 1.8927618160458648e-01,
       2.3062450633925624e-01, 2.1688846658876776e-01,
       2.3367825856646116e-01, 2.7109014782768048e-01,
       2.4465799997402382e-01, 3.2656127670693785e-01,
       3.4054815361532736e-01, 2.0416120726454784e-01,
       2.1421955737161003e-01, 1.9792801899609300e-01,
       1.9552813711647096e-01, 1.7698846508388857e-01,
       1.9384224683974316e-01, 2.6655424471595458e-03,
       4.8711697256273223e-02, 4.6807163602059026e-02,
       -1.2437377923773710e-02, -1.0502356471733238e-02,
       5.7081408173335027e-02, 5.8425865436688935e-02,
       8.6954339097600440e-03, 1.1197716034025128e-02,
       5.9967172165791616e-02, 5.8907021268816161e-02,
       -5.4457815758255403e-03, 3.5258779965092056e-03,
       7.4163263664320730e-02, 4.6241825053004233e-02,
       4.2153892168272289e-03, 1.1127119370868152e-01,
       1.1633115690557341e-01, 6.9810687320734546e-02,
       3.9731069705027856e-02, 4.1950754302124374e-02,
       8.7706511785827945e-02, 8.6497541248512472e-02,
       7.7148432311432300e-02, 2.8641230995875760e-02,
       2.1192576791566281e-01, 2.1192575990715781e-01,
       2.4377142901879262e-01, 2.4377145494828206e-01,
       2.9259679180807896e-01, 2.9259801030503552e-01,
       2.6680703737619910e-01, 2.6680596441918225e-01,
       3.1580469618198204e-01, 3.1580539516340378e-01,
       3.4159938808191898e-01, 3.3521366473976810e-01,
       3.0432353170918203e-01, 3.0432342561387371e-01,
       3.2775746811900797e-01, 3.2614039332752176e-01,
       3.2614061087572088e-01, 3.2728673838823386e-01,
       3.2728668113275949e-01, 3.2363806975462006e-01,
       2.8553777472483122e-01, 2.8553858539095966e-01,
       3.0483904089630609e-01, 3.4017128911583938e-01,
       3.3373282450334252e-01 ]
eye_poses: !!opencv-matrix
   rows: 7
   cols: 25
   dt: d
   data: [ 7.1350607382005138e-01, -7.1480161019784960e-01,
       7.1921364490449524e-01, 6.9554551913946527e-01,
       7.0147679027341847e-01, -7.1780707034280833e-01,
       -7.0753175785804212e-01, 7.1430908026475737e-01,
       7.1398219359786641e-01, -7.1249070035766737e-01,
       -7.1878154974304431e-01, 7.0505433854844846e-01,
       7.1259988424299048e-01, -7.1042799775023624e-01,
       7.1605768677214976e-01, 7.0896466028737981e-01,
       -7.1513644958505751e-01, -7.1683702341099764e-01,
       7.1577728102710103e-01, 7.1420443713598214e-01,
       -7.1554910965910989e-01, -7.1375275639657765e-01,
       -7.1884395417002056e-01, -7.1773444893774496e-01,
       7.1028362539415590e-01, 6.9963349210419457e-01,
       -6.9056884528326967e-01, 6.7570375698064311e-01,
       7.0228078595767540e-01, 7.0234989799158254e-01,
       -6.7086038811228155e-01, -6.8522756246311922e-01,
       6.9870939980209001e-01, 6.9873085931082157e-01,
       -6.9206278096291252e-01, -6.8293613352821847e-01,
       7.0160727557871549e-01, 6.9607461666912818e-01,
       -6.9419615891700936e-01, 6.9606080173216023e-01,
       7.0059486697049400e-01, -6.8393244925691443e-01,
       -6.9130712251423265e-01, 6.9791381938851116e-01,
       6.9618752075417145e-01, -6.9851696848883493e-01,
       -6.8831482934992205e-01, -6.8004437463871759e-01,
       -6.8399818203072338e-01, 7.0059974514699908e-01,
       2.7909682512333119e-02, 7.5832196763507970e-02,
       -1.6152204804394296e-01, -2.2251373790577702e-02,
       1.5811411376949983e-02, 1.7165987495693474e-01,
       1.0079782033279959e-01, 3.9492322049986518e-02,
       4.4322298718019376e-02, 5.9215554845886684e-02,
       1.2719849342296133e-01, 3.0322820545416167e-02,
       8.6644786252636954e-02, 3.4329802870439942e-02,
       -5.0327388647089397e-02, 3.9244899146973773e-02,
       1.1501113891595575e-01, 7.6588155306543518e-02,
       -2.3313867394294634e-02, -5.7203978428976364e-02,
       2.9195894182898080e-03, 8.8636944403563317e-02,
       1.3860750308600250e-01, 1.1855578049316576e-01,
       2.9173794391307455e-02, 2.5359593254744749e-02,
       8.0142410225258975e-02, 8.1727462413134846e-03,
       1.5007666322287927e-01, 1.1993720344073883e-01,
       7.2334201851428429e-02, 1.4036309585969398e-01,
       2.8405947650627077e-03, 6.3361903609742134e-03,
       9.9496870171952717e-02, 2.7782450241903400e-02,
       9.8621179790108690e-02, 1.3199015911714667e-02,
       1.1047722657786679e-01, 1.5096471722398926e-02,
       7.0680837071585206e-02, 8.7113152012606138e-02,
       4.8717539912166014e-02, 5.9706163092730783e-03,
       4.4301949994689116e-02, 7.4156858652096019e-03,
       9.4462640869684505e-02, 3.9887067624842350e-02,
       5.4298017444040420e-02, 6.1693259905020129e-02,
       -2.7841003128187708e-01, -5.5932369523951746e-02,
       -5.4561169646987158e-02, -3.5478669802521762e-01,
       -3.6394738234075569e-01, 3.8631691494707875e-02,
       2.9882579891094583e-02, -2.7436394421372789e-01,
       -2.8467992567937356e-01, -6.4505525468170025e-02,
       -6.7767849073623071e-02, -3.6476109413878494e-01,
       -3.3864349162116009e-01, -8.6062019807475756e-02,
       -2.0302599107101585e-01, -3.5253248432615308e-01,
       -2.7347656251788924e-02, -1.1382475316567568e-01,
       -2.2898721312617881e-01, -2.3503148370142096e-01,
       -2.4000995950276691e-01, -5.6986294053783922e-02,
       -6.1241758108940385e-02, -6.9411449054750662e-02,
       -3.6605562320762158e-01, -2.6022391120018851e-01,
       -2.6309402387836062e-01, -6.6552588628532527e-02,
       -8.4078329234293980e-02, -9.1169239134448701e-02,
       -8.3330577109748047e-02, -2.4076249659023635e-01,
       -2.3364294055323412e-01, -1.8493831137773634e-01,
       -1.9016096593764825e-01, -4.1710977047997075e-02,
       -8.5276839203453497e-02, -2.1920326820735164e-01,
       -2.2890932794985797e-01, -9.5037907239744507e-02,
       -1.2925705329940709e-01, -1.2898767074104012e-01,
       -1.3451365629818623e-01, -1.3416901454103750e-01,
       -6.6118911887362644e-02, -1.8968460189878866e-01,
       -1.9231199533689924e-01, -8.3662790960022118e-02,
       -7.5403077804500007e-02, -1.1395932187437592e-01,
       5.8006527959074394e-01, 6.2682366528449529e-01,
       6.7783725692656704e-01, 5.9827300005751616e-01,
       5.9016014760008439e-01, 6.7552566842724360e-01,
       6.3485677799619411e-01, 5.8797825466599729e-01,
       5.4468186937140717e-01, 5.9428669436528059e-01,
       6.2503978947839367e-01, 5.3346314005473627e-01,
       4.6806817885186314e-01, 5.3915621552218107e-01,
       5.4843426522625571e-01, 4.5207504553847955e-01,
       5.3466341321503363e-01, 4.5056807859932213e-01,
       4.2517366670301449e-01, 5.7666691113794144e-01,
       5.4466577919073034e-01, 5.7918506225191480e-01,
       6.0544259425638014e-01, 6.1309350630953363e-01,
       5.1936727136030925e-01 ]
estimation_method: dual_quaternion_estimation_daniilidis_1998
estimated_transformations: !!opencv-matrix
   rows: 13
   cols: 24
   dt: d
   data: [ 3.8572292454187792e-04, 6.0825260938471325e-04,
       -6.9919058278935121e-04, 1.4004201002914300e-03,
       3.1746027883822322e-04, 3.9645286738746879e-05,
       -7.3637971764815824e-04, -8.0580949709798755e-04,
       -1.6346576968440178e-04, -2.0470366340381179e-04,
       -9.0713321350102487e-04, -9.5626836086477147e-04,
       -5.6422745577133901e-04, -8.8647806266644647e-04,
       -8.4275988752379263e-04, -1.8778375490845448e-03,
       -1.8876665098502994e-03, -4.3217263597282462e-04,
       -4.6860888430402879e-04, -4.5774090876413718e-04,
       -3.1144222094249395e-04, -1.9144697878565548e-04,
       -1.9144697878565548e-04, -8.3146726911998076e-04,
       7.8711489527707849e-04, 2.3136218968915017e-03,
       -2.0675566066611227e-03, 1.5429092666047904e-03,
       5.1997274105348296e-04, 4.4843406897907890e-04,
       -3.4058275068232574e-04, -3.8265006069294812e-04,
       2.2532253077970886e-04, 4.5747198988027149e-04,
       -2.1499764852589377e-04, -1.7710933676489364e-04,
       2.7413452801922241e-04, 6.0071990308640960e-05,
       -5.3212925993825134e-06, -9.2500092825018954e-04,
       -8.9599016248990157e-04, 4.7211551940807612e-04,
       4.3982970854625827e-04, 4.2757318471226073e-04,
       5.6853208629802294e-04, 6.7993145677669789e-04,
       6.7993145677669789e-04, 1.5334559808174713e-03,
       -7.0983837614682399e-01, -7.0926333937260089e-01,
       7.0845378747245269e-01, -7.0825957576547749e-01,
       -7.0749921922813197e-01, -7.0736367492530683e-01,
       -7.0735602588423518e-01, -7.0731690599414032e-01,
       -7.0786224034472112e-01, -7.0760340328290161e-01,
       -7.0714917661091459e-01, -7.0714498195512043e-01,
       -7.0762511738990919e-01, -7.0748598833109666e-01,
       -7.0747262523552890e-01, -7.0736119206192005e-01,
       -7.0735458701055109e-01, -7.0766957727361468e-01,
       -7.0758623795697195e-01, -7.0761221997839807e-01,
       -7.0783227010141936e-01, -7.0778806498861091e-01,
       -7.0778806498861091e-01, -7.0701052696630196e-01,
       -7.0436404750470261e-01, -7.0493956663284829e-01,
       7.0575382914876483e-01, -7.0594902903187240e-01,
       -7.0671386263388336e-01, -7.0684965072588246e-01,
       -7.0685698298422650e-01, -7.0689603107165766e-01,
       -7.0635045919348816e-01, -7.0660963231351737e-01,
       -7.0706376862617526e-01, -7.0706790952411158e-01,
       -7.0658778629166508e-01, -7.0672681204491705e-01,
       -7.0674024525974533e-01, -7.0684917914938672e-01,
       -7.0685580011195281e-01, -7.0654324689655956e-01,
       -7.0662670683285156e-01, -7.0660070322047897e-01,
       -7.0638024970838531e-01, -7.0642448718949868e-01,
       -7.0642448718949868e-01, -7.0720087099336026e-01,
       -4.8790177425451359e-03, -2.9581262749347713e-03,
       -2.6193967189010563e-03, -3.5890479493639015e-03,
       -3.0505626847921775e-03, -2.5163619797043853e-03,
       -2.2154220070174369e-03, -2.2580934526146915e-03,
       -2.5846151637736701e-03, -2.2487174810539232e-03,
       -1.9337825159157079e-03, -1.9666623569335080e-03,
       -2.1744785937346175e-03, -1.9318192424951364e-03,
       -1.9043136899456886e-03, -1.4586322971828214e-03,
       -1.4453252525337586e-03, -2.1533908057185421e-03,
       -2.1236810987248882e-03, -2.1926983132508349e-03,
       -2.2933956952137929e-03, -2.3395565913980065e-03,
       -2.3395565913980065e-03, -1.1948244233813132e-03,
       3.7507114847055906e-02, 3.3605642822572022e-02,
       3.7838166238826951e-02, 3.8758425293196938e-02,
       3.9195965738774229e-02, 4.0021879454660764e-02,
       4.0204603540106472e-02, 3.9459301512599937e-02,
       3.8957802497591273e-02, 3.8741040630431392e-02,
       3.9186621833962196e-02, 3.8115424950779311e-02,
       3.8112293571598656e-02, 3.8124317502298929e-02,
       3.8112681375625415e-02, 3.8106207515902241e-02,
       3.8112548955039724e-02, 3.8022697804131533e-02,
       3.8056984531980392e-02, 3.7890377233504996e-02,
       3.7871045835868193e-02, 3.7910552352171153e-02,
       3.7910552352171153e-02, 3.7403136986326815e-02,
       -6.4026810103842214e-04, -3.2305003339470643e-03,
       -4.4560595726917882e-03, -1.9356710849204547e-03,
       -1.9893289889502622e-03, -2.6286033390393905e-03,
       -2.6891749317938906e-03, -2.1167976517489969e-03,
       -2.1109067579002383e-03, -2.7276432021315737e-03,
       -2.6250186112915250e-03, -1.8775016660137239e-03,
       -2.2456650167907042e-03, -2.7297934625193092e-03,
       -1.7776474108053884e-03, -2.1137027691391910e-03,
       -2.2691796445244669e-03, -2.3097922330849617e-03,
       -2.2885487081406759e-03, -1.9428619740532653e-03,
       -1.9682267646836129e-03, -1.9835286527778353e-03,
       -1.9835286527778353e-03, -8.4709912851144223e-03,
       4.3043984856181851e+02, 4.5057934841025241e+02,
       4.5399640970325493e+02, 4.1875039138898904e+02,
       4.0837278160021316e+02, 4.1765997875448659e+02,
       4.2376803530219826e+02, 4.1671071842340370e+02,
       4.0320412719614529e+02, 4.0983488753172497e+02,
       4.2270293184771367e+02, 4.2233855166951355e+02,
       4.2238922969646552e+02, 4.3271941723360635e+02,
       4.2686469019155277e+02, 4.2909813436759117e+02,
       4.3724186888615230e+02, 4.3655858374399367e+02,
       4.3991617174317497e+02, 4.3786979369230698e+02,
       4.3337635492740850e+02, 4.2794113731675901e+02,
       4.2794113731675901e+02, 4.3236212066312197e+02,
       8.7628411696904408e+01, 8.3691106228379596e+01,
       7.5030281897719945e+01, 1.0577760368404279e+02,
       1.0159584650192591e+02, 9.7547221675088579e+01,
       9.2860748264456461e+01, 9.0972208646814693e+01,
       9.7711049527310109e+01, 9.5410346292245521e+01,
       1.0057593773499636e+02, 9.6714669693026636e+01,
       9.3325749236387750e+01, 9.7550567655328081e+01,
       9.8042911175818801e+01, 9.5292377653819912e+01,
       9.7658503828536169e+01, 9.5236823225499208e+01,
       9.3520115071734352e+01, 9.2157053003522847e+01,
       9.3384209535250264e+01, 9.6130533107197877e+01,
       9.6130533107197877e+01, 9.5805415062805181e+01,
       9.4597555971535231e-03, 1.1463329870087278e-02,
       1.6046697342876552e-02, 1.6615775465954094e-02,
       1.8083087026772585e-02, 4.9367616657946825e-02,
       7.5045482605668262e-02, 6.5442393289509029e-02,
       6.2633611117907342e-02, 6.1782504686138079e-02,
       6.7128921533572652e-02, 6.4145709665301226e-02,
       8.3049144387517967e-02, 8.4376849972213980e-02,
       8.0207310916365557e-02, 7.8137288155666160e-02,
       1.1443038925337568e-01, 1.3283053571863918e-01,
       1.4668527425461075e-01, 1.4144079948970381e-01,
       1.3981030610802717e-01, 1.3790727726218197e-01,
       1.3790727726218197e-01, 3.9462395639641656e-01,
       1.0183411368269710e-02, 8.5661791575479731e-03,
       1.2318328708494692e-02, 9.4678278426264632e-03,
       6.4612238307268522e-03, 7.9781672432534992e-02,
       1.0600853584279069e-01, 8.3494687246835453e-02,
       6.6953598837523859e-02, 5.3535418937119141e-02,
       5.5212523920950614e-02, 4.7542043743211207e-02,
       8.9583620056992344e-02, 8.0569678656789545e-02,
       7.3097144757694077e-02, 6.7869588953995891e-02,
       1.6909315333385286e-01, 1.7976756613986003e-01,
       1.8222143311883868e-01, 1.7290614158028406e-01,
       1.6336598882522385e-01, 1.5418839061223219e-01,
       1.5418839061223219e-01, 1.2724030594481814e+00,
       2.6753323617880894e-03, 4.3701474551682959e-03,
       8.7015761951789762e-03, 1.2751789802718573e-02,
       1.6156253550501907e-02, 1.8048172097145248e-02,
       2.0847642575752584e-02, 2.3283866166244754e-02,
       2.5762152888744057e-02, 2.7948904814073125e-02,
       3.0049007829826703e-02, 3.2523242967677259e-02,
       3.5437815402608083e-02, 3.7997084642362289e-02,
       4.0645046074176176e-02, 4.3935443938351720e-02,
       4.6906027236022975e-02, 4.9292827839316204e-02,
       5.1096467741743402e-02, 5.2951141812524381e-02,
       5.4951722811000678e-02, 5.7196495422929768e-02,
       5.7196495422929768e-02, 6.4420133355714351e-02,
       1.2839300185496947e-03, 2.6716778332365088e-03,
       5.8569774619389118e-03, 6.9848449018556158e-03,
       6.9098497492518004e-03, 7.1511504627176856e-03,
       1.1429002168208954e-02, 1.3373646274046698e-02,
       1.5199760228799200e-02, 1.6111116588477900e-02,
       1.7672859863594122e-02, 1.8579240927430195e-02,
       1.9322796333524569e-02, 2.0623304914567282e-02,
       2.3010258487028232e-02, 2.7971483240827537e-02,
       3.0496774365139437e-02, 3.0907345644599162e-02,
       3.1035753665531303e-02, 3.1407032987894878e-02,
       3.2007154024824014e-02, 3.2714090313535747e-02,
       3.2714090313535747e-02, 4.5260199577494185e-02 ]
pattern_coordinates: !!opencv-matrix
   rows: 50
   cols: 48
   dt: d
   data: [ 1.6145765686035156e+02, 2.0112200927734375e+02,
       2.4030416870117188e+02, 2.7878622436523438e+02,
       3.1703387451171875e+02, 3.5459814453125000e+02,
       3.9181991577148438e+02, 4.2854397583007812e+02,
       1.6232348632812500e+02, 2.0183732604980469e+02,
       2.4100944519042969e+02, 2.7958065795898438e+02,
       3.1768359375000000e+02, 3.5546832275390625e+02,
       3.9253454589843750e+02, 4.2942001342773438e+02,
       1.6315351867675781e+02, 2.0263343811035156e+02,
       2.4172851562500000e+02, 2.8044317626953125e+02,
       3.1851306152343750e+02, 3.5622286987304688e+02,
       3.9340884399414062e+02, 4.3001770019531250e+02,
       1.6386466979980469e+02, 2.0351278686523438e+02,
       2.4254956054687500e+02, 2.8125631713867188e+02,
       3.1934649658203125e+02, 3.5681491088867188e+02,
       3.9404089355468750e+02, 4.3061907958984375e+02,
       1.6469699096679688e+02, 2.0437460327148438e+02,
       2.4343553161621094e+02, 2.8189300537109375e+02,
       3.2004156494140625e+02, 3.5754821777343750e+02,
       3.9464959716796875e+02, 4.3146029663085938e+02,
       1.6554696655273438e+02, 2.0521363830566406e+02,
       2.4423133850097656e+02, 2.8264367675781250e+02,
       3.2067724609375000e+02, 3.5842471313476562e+02,
       3.9547372436523438e+02, 4.3216732788085938e+02,
       3.9487277984619141e+01, 3.9993892669677734e+01,
       4.0527908325195312e+01, 4.1082359313964844e+01,
       4.1541763305664062e+01, 4.2130611419677734e+01,
       4.2540813446044922e+01, 4.3140880584716797e+01,
       7.8222290039062500e+01, 7.8473655700683594e+01,
       7.8652061462402344e+01, 7.8984344482421875e+01,
       7.9355163574218750e+01, 7.9528953552246094e+01,
       7.9742683410644531e+01, 8.0155815124511719e+01,
       1.1673509216308594e+02, 1.1676885986328125e+02,
       1.1681148529052734e+02, 1.1687088775634766e+02,
       1.1691950988769531e+02, 1.1699296569824219e+02,
       1.1705397796630859e+02, 1.1711620330810547e+02,
       1.5547291564941406e+02, 1.5530145263671875e+02,
       1.5502415466308594e+02, 1.5473646545410156e+02,
       1.5457038879394531e+02, 1.5446063232421875e+02,
       1.5429553222656250e+02, 1.5401374816894531e+02,
       1.9404110717773438e+02, 1.9355317687988281e+02,
       1.9318052673339844e+02, 1.9261080932617188e+02,
       1.9230960083007812e+02, 1.9171237182617188e+02,
       1.9142738342285156e+02, 1.9088899230957031e+02,
       2.3256745910644531e+02, 2.3182386779785156e+02,
       2.3127525329589844e+02, 2.3050604248046875e+02,
       2.2974482727050781e+02, 2.2922212219238281e+02,
       2.2851248168945312e+02, 2.2774819946289062e+02,
       3.3649468994140625e+02, 3.7132644653320312e+02,
       4.0735122680664062e+02, 4.4457284545898438e+02,
       4.8342495727539062e+02, 5.2360046386718750e+02,
       5.6549298095703125e+02, 6.0896020507812500e+02,
       3.3761691284179688e+02, 3.7251119995117188e+02,
       4.0852600097656250e+02, 4.4587637329101562e+02,
       4.8464041137695312e+02, 5.2496496582031250e+02,
       5.6678906250000000e+02, 6.1036901855468750e+02,
       3.3901684570312500e+02, 3.7367205810546875e+02,
       4.0975405883789062e+02, 4.4730111694335938e+02,
       4.8605718994140625e+02, 5.2634387207031250e+02,
       5.6821429443359375e+02, 6.1169262695312500e+02,
       3.4037533569335938e+02, 3.7515081787109375e+02,
       4.1122961425781250e+02, 4.4853338623046875e+02,
       4.8738955688476562e+02, 5.2762445068359375e+02,
       5.6951379394531250e+02, 6.1310308837890625e+02,
       3.4153179931640625e+02, 3.7642166137695312e+02,
       4.1247280883789062e+02, 4.4975842285156250e+02,
       4.8862292480468750e+02, 5.2895672607421875e+02,
       5.7084118652343750e+02, 6.1443182373046875e+02,
       3.4266760253906250e+02, 3.7758111572265625e+02,
       4.1362997436523438e+02, 4.5124386596679688e+02,
       4.8996054077148438e+02, 5.3035528564453125e+02,
       5.7224047851562500e+02, 6.1577722167968750e+02,
       5.2433395385742188e+01, 4.7787792205810547e+01,
       4.3161724090576172e+01, 3.8271919250488281e+01,
       3.3172943115234375e+01, 2.7801803588867188e+01,
       2.2378965377807617e+01, 1.6619806289672852e+01,
       8.8207244873046875e+01, 8.4283226013183594e+01,
       8.0216651916503906e+01, 7.5937866210937500e+01,
       7.1570274353027344e+01, 6.7046951293945312e+01,
       6.2345569610595703e+01, 5.7422763824462891e+01,
       1.2387229919433594e+02, 1.2061621093750000e+02,
       1.1723743438720703e+02, 1.1365853881835938e+02,
       1.1001600646972656e+02, 1.0624339294433594e+02,
       1.0228857421875000e+02, 9.8178298950195312e+01,
       1.5959445190429688e+02, 1.5694598388671875e+02,
       1.5424470520019531e+02, 1.5138931274414062e+02,
       1.4843450927734375e+02, 1.4537078857421875e+02,
       1.4220635986328125e+02, 1.3882125854492188e+02,
       1.9535409545898438e+02, 1.9334909057617188e+02,
       1.9126127624511719e+02, 1.8906736755371094e+02,
       1.8675483703613281e+02, 1.8448497009277344e+02,
       1.8208190917968750e+02, 1.7953604125976562e+02,
       2.3092173767089844e+02, 2.2956315612792969e+02,
       2.2826232910156250e+02, 2.2663777160644531e+02,
       2.2523687744140625e+02, 2.2355764770507812e+02,
       2.2188377380371094e+02, 2.2024322509765625e+02,
       3.4051708984375000e+02, 3.7251870727539062e+02,
       4.0564355468750000e+02, 4.3989474487304688e+02,
       4.7528155517578125e+02, 5.1170266723632812e+02,
       5.4949200439453125e+02, 5.8848950195312500e+02,
       3.4087716674804688e+02, 3.7357955932617188e+02,
       4.0748086547851562e+02, 4.4239743041992188e+02,
       4.7843075561523438e+02, 5.1567810058593750e+02,
       5.5430010986328125e+02, 5.9422833251953125e+02,
       3.4151071166992188e+02, 3.7471380615234375e+02,
       4.0937695312500000e+02, 4.4489083862304688e+02,
       4.8172579956054688e+02, 5.1978192138671875e+02,
       5.5929992675781250e+02, 6.0011651611328125e+02,
       3.4205947875976562e+02, 3.7612350463867188e+02,
       4.1129110717773438e+02, 4.4756246948242188e+02,
       4.8521801757812500e+02, 5.2416979980468750e+02,
       5.6446710205078125e+02, 6.0630133056640625e+02,
       3.4252197265625000e+02, 3.7739663696289062e+02,
       4.1327868652343750e+02, 4.5035028076171875e+02,
       4.8875091552734375e+02, 5.2857836914062500e+02,
       5.6985174560546875e+02, 6.1265631103515625e+02,
       3.4329290771484375e+02, 3.7857391357421875e+02,
       4.1531558227539062e+02, 4.5324835205078125e+02,
       4.9250247192382812e+02, 5.3330926513671875e+02,
       5.7552941894531250e+02, 6.1945489501953125e+02,
       1.9648106384277344e+02, 1.9287480163574219e+02,
       1.8924610900878906e+02, 1.8541934204101562e+02,
       1.8145478820800781e+02, 1.7741468811035156e+02,
       1.7320729064941406e+02, 1.6878439331054688e+02,
       2.2829049682617188e+02, 2.2516336059570312e+02,
       2.2188299560546875e+02, 2.1852929687500000e+02,
       2.1509849548339844e+02, 2.1149147033691406e+02,
       2.0776268005371094e+02, 2.0393231201171875e+02,
       2.6128698730468750e+02, 2.5861047363281250e+02,
       2.5582348632812500e+02, 2.5299571228027344e+02,
       2.5005914306640625e+02, 2.4699493408203125e+02,
       2.4379611206054688e+02, 2.4054876708984375e+02,
       2.9552218627929688e+02, 2.9339697265625000e+02,
       2.9116598510742188e+02, 2.8877612304687500e+02,
       2.8644161987304688e+02, 2.8393273925781250e+02,
       2.8140994262695312e+02, 2.7869036865234375e+02,
       3.3116787719726562e+02, 3.2950085449218750e+02,
       3.2775085449218750e+02, 3.2616009521484375e+02,
       3.2437368774414062e+02, 3.2249615478515625e+02,
       3.2055645751953125e+02, 3.1857980346679688e+02,
       3.6812713623046875e+02, 3.6709613037109375e+02,
       3.6603732299804688e+02, 3.6489367675781250e+02,
       3.6377267456054688e+02, 3.6263153076171875e+02,
       3.6147637939453125e+02, 3.6024783325195312e+02,
       1.1081679534912109e+02, 1.5099983215332031e+02,
       1.9001191711425781e+02, 2.2784973144531250e+02,
       2.6465765380859375e+02, 3.0050558471679688e+02,
       3.3546798706054688e+02, 3.6937341308593750e+02,
       1.0578781127929688e+02, 1.4685494995117188e+02,
       1.8668753051757812e+02, 2.2543769836425781e+02,
       2.6300656127929688e+02, 2.9952169799804688e+02,
       3.3508728027343750e+02, 3.6951251220703125e+02,
       1.0059932708740234e+02, 1.4257730102539062e+02,
       1.8335716247558594e+02, 2.2280747985839844e+02,
       2.6129489135742188e+02, 2.9849221801757812e+02,
       3.3463186645507812e+02, 3.6986315917968750e+02,
       9.5182235717773438e+01, 1.3816932678222656e+02,
       1.7972795104980469e+02, 2.2021916198730469e+02,
       2.5939581298828125e+02, 2.9746087646484375e+02,
       3.3444195556640625e+02, 3.7037930297851562e+02,
       8.9470947265625000e+01, 1.3346063232421875e+02,
       1.7612384033203125e+02, 2.1739627075195312e+02,
       2.5745809936523438e+02, 2.9636300659179688e+02,
       3.3403439331054688e+02, 3.7055438232421875e+02,
       8.3493301391601562e+01, 1.2857951354980469e+02,
       1.7225468444824219e+02, 2.1448309326171875e+02,
       2.5542884826660156e+02, 2.9520660400390625e+02,
       3.3357604980468750e+02, 3.7103564453125000e+02,
       1.7752680969238281e+02, 1.7958349609375000e+02,
       1.8158644104003906e+02, 1.8356195068359375e+02,
       1.8549568176269531e+02, 1.8741540527343750e+02,
       1.8923457336425781e+02, 1.9079638671875000e+02,
       2.1338165283203125e+02, 2.1480490112304688e+02,
       2.1646957397460938e+02, 2.1783479309082031e+02,
       2.1944531250000000e+02, 2.2066842651367188e+02,
       2.2227546691894531e+02, 2.2349838256835938e+02,
       2.5056018066406250e+02, 2.5159301757812500e+02,
       2.5260273742675781e+02, 2.5358724975585938e+02,
       2.5456314086914062e+02, 2.5553479003906250e+02,
       2.5649765014648438e+02, 2.5744027709960938e+02,
       2.8951751708984375e+02, 2.8994659423828125e+02,
       2.9046997070312500e+02, 2.9079559326171875e+02,
       2.9137219238281250e+02, 2.9162548828125000e+02,
       2.9216787719726562e+02, 2.9252249145507812e+02,
       3.3019921875000000e+02, 3.2995211791992188e+02,
       3.2974118041992188e+02, 3.2961026000976562e+02,
       3.2950711059570312e+02, 3.2940972900390625e+02,
       3.2928137207031250e+02, 3.2910092163085938e+02,
       3.7261346435546875e+02, 3.7170532226562500e+02,
       3.7087747192382812e+02, 3.7016339111328125e+02,
       3.6937661743164062e+02, 3.6854827880859375e+02,
       3.6777111816406250e+02, 3.6717279052734375e+02,
       1.0020478057861328e+02, 1.4126498413085938e+02,
       1.8102815246582031e+02, 2.1953385925292969e+02,
       2.5688934326171875e+02, 2.9327267456054688e+02,
       3.2845693969726562e+02, 3.6248583984375000e+02,
       9.7222908020019531e+01, 1.3877410888671875e+02,
       1.7915309143066406e+02, 2.1823593139648438e+02,
       2.5597103881835938e+02, 2.9259371948242188e+02,
       3.2836434936523438e+02, 3.6271719360351562e+02,
       9.4180236816406250e+01, 1.3634974670410156e+02,
       1.7722285461425781e+02, 2.1665109252929688e+02,
       2.5505928039550781e+02, 2.9223696899414062e+02,
       3.2827395629882812e+02, 3.6317468261718750e+02,
       9.1003150939941406e+01, 1.3375305175781250e+02,
       1.7520921325683594e+02, 2.1530549621582031e+02,
       2.5406062316894531e+02, 2.9155926513671875e+02,
       3.2811846923828125e+02, 3.6349707031250000e+02,
       8.7761833190917969e+01, 1.3121827697753906e+02,
       1.7318020629882812e+02, 2.1366520690917969e+02,
       2.5306524658203125e+02, 2.9114233398437500e+02,
       3.2793432617187500e+02, 3.6361587524414062e+02,
       8.4490554809570312e+01, 1.2851255798339844e+02,
       1.7106181335449219e+02, 2.1224569702148438e+02,
       2.5195941162109375e+02, 2.9052050781250000e+02,
       3.2776815795898438e+02, 3.6407757568359375e+02,
       1.7130679321289062e+02, 1.7281709289550781e+02,
       1.7452320861816406e+02, 1.7619709777832031e+02,
       1.7758235168457031e+02, 1.7922688293457031e+02,
       1.8053768920898438e+02, 1.8186421203613281e+02,
       2.0844871520996094e+02, 2.0950445556640625e+02,
       2.1054539489746094e+02, 2.1155038452148438e+02,
       2.1255491638183594e+02, 2.1353810119628906e+02,
       2.1451995849609375e+02, 2.1548495483398438e+02,
       2.4652124023437500e+02, 2.4701203918457031e+02,
       2.4751051330566406e+02, 2.4789791870117188e+02,
       2.4846176147460938e+02, 2.4873088073730469e+02,
       2.4933265686035156e+02, 2.4955813598632812e+02,
       2.8558761596679688e+02, 2.8549160766601562e+02,
       2.8539904785156250e+02, 2.8526293945312500e+02,
       2.8508346557617188e+02, 2.8485510253906250e+02,
       2.8469842529296875e+02, 2.8458752441406250e+02,
       3.2569354248046875e+02, 3.2488540649414062e+02,
       3.2418762207031250e+02, 3.2341973876953125e+02,
       3.2256445312500000e+02, 3.2181011962890625e+02,
       3.2125918579101562e+02, 3.2051373291015625e+02,
       3.6692074584960938e+02, 3.6542788696289062e+02,
       3.6388116455078125e+02, 3.6248925781250000e+02,
       3.6114859008789062e+02, 3.5967974853515625e+02,
       3.5847796630859375e+02, 3.5726196289062500e+02,
       4.0212887573242188e+02, 4.3456665039062500e+02,
       4.6884185791015625e+02, 5.0492828369140625e+02,
       5.4303521728515625e+02, 5.8328021240234375e+02,
       6.2578234863281250e+02, 6.7089807128906250e+02,
       4.0363366699218750e+02, 4.3665890502929688e+02,
       4.7142520141601562e+02, 5.0802081298828125e+02,
       5.4660595703125000e+02, 5.8749468994140625e+02,
       6.3068786621093750e+02, 6.7660095214843750e+02,
       4.0549047851562500e+02, 4.3881378173828125e+02,
       4.7406225585937500e+02, 5.1117269897460938e+02,
       5.5037139892578125e+02, 5.9177606201171875e+02,
       6.3575860595703125e+02, 6.8244116210937500e+02,
       4.0732595825195312e+02, 4.4109790039062500e+02,
       4.7668890380859375e+02, 5.1437609863281250e+02,
       5.5418688964843750e+02, 5.9631011962890625e+02,
       6.4093408203125000e+02, 6.8843768310546875e+02,
       4.0908465576171875e+02, 4.4335491943359375e+02,
       4.7948022460937500e+02, 5.1762451171875000e+02,
       5.5807989501953125e+02, 6.0080017089843750e+02,
       6.4630517578125000e+02, 6.9456481933593750e+02,
       4.1078088378906250e+02, 4.4560910034179688e+02,
       4.8229913330078125e+02, 5.2105151367187500e+02,
       5.6205517578125000e+02, 6.0553784179687500e+02,
       6.5171350097656250e+02, 7.0089691162109375e+02,
       1.8526161193847656e+02, 1.8071186828613281e+02,
       1.7615783691406250e+02, 1.7125119018554688e+02,
       1.6597547912597656e+02, 1.6051348876953125e+02,
       1.5468359375000000e+02, 1.4856742858886719e+02,
       2.1768479919433594e+02, 2.1408955383300781e+02,
       2.1025248718261719e+02, 2.0619993591308594e+02,
       2.0186442565917969e+02, 1.9739221191406250e+02,
       1.9258041381835938e+02, 1.8750930786132812e+02,
       2.5094248962402344e+02, 2.4815599060058594e+02,
       2.4517327880859375e+02, 2.4200990295410156e+02,
       2.3866423034667969e+02, 2.3521084594726562e+02,
       2.3146420288085938e+02, 2.2750468444824219e+02,
       2.8490701293945312e+02, 2.8295788574218750e+02,
       2.8086965942382812e+02, 2.7867123413085938e+02,
       2.7643154907226562e+02, 2.7393774414062500e+02,
       2.7139151000976562e+02, 2.6859057617187500e+02,
       3.1962472534179688e+02, 3.1859683227539062e+02,
       3.1752719116210938e+02, 3.1641741943359375e+02,
       3.1515039062500000e+02, 3.1372839355468750e+02,
       3.1238693237304688e+02, 3.1083816528320312e+02,
       3.5539956665039062e+02, 3.5527655029296875e+02,
       3.5511459350585938e+02, 3.5488891601562500e+02,
       3.5473953247070312e+02, 3.5461608886718750e+02,
       3.5449362182617188e+02, 3.5437109375000000e+02,
       3.9749920654296875e+02, 4.3231124877929688e+02,
       4.6879602050781250e+02, 5.0759881591796875e+02,
       5.4868133544921875e+02, 5.9231701660156250e+02,
       6.3865246582031250e+02, 6.8800708007812500e+02,
       3.9874758911132812e+02, 4.3348767089843750e+02,
       4.7001559448242188e+02, 5.0861209106445312e+02,
       5.4955340576171875e+02, 5.9297589111328125e+02,
       6.3915148925781250e+02, 6.8829431152343750e+02,
       4.0036267089843750e+02, 4.3462680053710938e+02,
       4.7123260498046875e+02, 5.0959902954101562e+02,
       5.5043273925781250e+02, 5.9365045166015625e+02,
       6.3962725830078125e+02, 6.8852545166015625e+02,
       4.0153176879882812e+02, 4.3596520996093750e+02,
       4.7235293579101562e+02, 5.1060504150390625e+02,
       5.5130725097656250e+02, 5.9435180664062500e+02,
       6.4011322021484375e+02, 6.8876568603515625e+02,
       4.0283169555664062e+02, 4.3731854248046875e+02,
       4.7345037841796875e+02, 5.1158010864257812e+02,
       5.5215722656250000e+02, 5.9498693847656250e+02,
       6.4058050537109375e+02, 6.8904571533203125e+02,
       4.0436254882812500e+02, 4.3848660278320312e+02,
       4.7449511718750000e+02, 5.1258160400390625e+02,
       5.5287902832031250e+02, 5.9565557861328125e+02,
       6.4103314208984375e+02, 6.8930767822265625e+02,
       7.0562850952148438e+01, 6.5195945739746094e+01,
       5.9465442657470703e+01, 5.3436130523681641e+01,
       4.7030551910400391e+01, 4.0271297454833984e+01,
       3.3008243560791016e+01, 2.5356445312500000e+01,
       1.0635900878906250e+02, 1.0183759307861328e+02,
       9.7288742065429688e+01, 9.2344451904296875e+01,
       8.7124328613281250e+01, 8.1542236328125000e+01,
       7.5645996093750000e+01, 6.9416213989257812e+01,
       1.4173173522949219e+02, 1.3834666442871094e+02,
       1.3467462158203125e+02, 1.3083073425292969e+02,
       1.2676975250244141e+02, 1.2250102996826172e+02,
       1.1788310241699219e+02, 1.1307205963134766e+02,
       1.7691555786132812e+02, 1.7445895385742188e+02,
       1.7181703186035156e+02, 1.6911782836914062e+02,
       1.6620274353027344e+02, 1.6309925842285156e+02,
       1.5973779296875000e+02, 1.5631661987304688e+02,
       2.1171472167968750e+02, 2.1037567138671875e+02,
       2.0862969970703125e+02, 2.0694602966308594e+02,
       2.0524053955078125e+02, 2.0331806945800781e+02,
       2.0127684020996094e+02, 1.9909262084960938e+02,
       2.4651290893554688e+02, 2.4575106811523438e+02,
       2.4530264282226562e+02, 2.4453376770019531e+02,
       2.4378163146972656e+02, 2.4315351867675781e+02,
       2.4237210083007812e+02, 2.4148033142089844e+02,
       1.6741842651367188e+02, 2.0633901977539062e+02,
       2.4472056579589844e+02, 2.8286129760742188e+02,
       3.2060455322265625e+02, 3.5808316040039062e+02,
       3.9512298583984375e+02, 4.3161965942382812e+02,
       1.6915156555175781e+02, 2.0774188232421875e+02,
       2.4621372985839844e+02, 2.8415792846679688e+02,
       3.2158938598632812e+02, 3.5880633544921875e+02,
       3.9562396240234375e+02, 4.3230599975585938e+02,
       1.7073602294921875e+02, 2.0937945556640625e+02,
       2.4749087524414062e+02, 2.8533319091796875e+02,
       3.2259002685546875e+02, 3.5959725952148438e+02,
       3.9645495605468750e+02, 4.3260229492187500e+02,
       1.7248217773437500e+02, 2.1076173400878906e+02,
       2.4871121215820312e+02, 2.8645376586914062e+02,
       3.2356518554687500e+02, 3.6050906372070312e+02,
       3.9702548217773438e+02, 4.3327514648437500e+02,
       1.7423353576660156e+02, 2.1236965942382812e+02,
       2.5020318603515625e+02, 2.8752020263671875e+02,
       3.2455584716796875e+02, 3.6139370727539062e+02,
       3.9756988525390625e+02, 4.3356320190429688e+02,
       1.7572050476074219e+02, 2.1373028564453125e+02,
       2.5144406127929688e+02, 2.8860787963867188e+02,
       3.2552792358398438e+02, 3.6218481445312500e+02,
       3.9838104248046875e+02, 4.3421942138671875e+02,
       6.2434635162353516e+01, 6.2443119049072266e+01,
       6.2436824798583984e+01, 6.2442855834960938e+01,
       6.2440219879150391e+01, 6.2456623077392578e+01,
       6.2454830169677734e+01, 6.2456058502197266e+01,
       1.0112672424316406e+02, 1.0081301116943359e+02,
       1.0063493347167969e+02, 1.0052241516113281e+02,
       1.0039755249023438e+02, 1.0020668029785156e+02,
       9.9920272827148438e+01, 9.9699943542480469e+01,
       1.3946664428710938e+02, 1.3907220458984375e+02,
       1.3860067749023438e+02, 1.3837101745605469e+02,
       1.3785414123535156e+02, 1.3753161621093750e+02,
       1.3727595520019531e+02, 1.3675068664550781e+02,
       1.7746807861328125e+02, 1.7676843261718750e+02,
       1.7636610412597656e+02, 1.7565792846679688e+02,
       1.7525717163085938e+02, 1.7456655883789062e+02,
       1.7415571594238281e+02, 1.7353523254394531e+02,
       2.1510867309570312e+02, 2.1440251159667969e+02,
       2.1354791259765625e+02, 2.1276344299316406e+02,
       2.1217427062988281e+02, 2.1146469116210938e+02,
       2.1059030151367188e+02, 2.0992803955078125e+02,
       2.5244990539550781e+02, 2.5148335266113281e+02,
       2.5053298950195312e+02, 2.4956579589843750e+02,
       2.4863134765625000e+02, 2.4773110961914062e+02,
       2.4688793945312500e+02, 2.4610139465332031e+02,
       1.4230995178222656e+02, 1.8454106140136719e+02,
       2.2633746337890625e+02, 2.6749099731445312e+02,
       3.0824017333984375e+02, 3.4837234497070312e+02,
       3.8797601318359375e+02, 4.2720422363281250e+02,
       1.4427380371093750e+02, 1.8634144592285156e+02,
       2.2776660156250000e+02, 2.6876193237304688e+02,
       3.0932623291015625e+02, 3.4931176757812500e+02,
       3.8862188720703125e+02, 4.2760046386718750e+02,
       1.4623956298828125e+02, 1.8804255676269531e+02,
       2.2937261962890625e+02, 2.7016412353515625e+02,
       3.1041491699218750e+02, 3.5019409179687500e+02,
       3.8943966674804688e+02, 4.2823980712890625e+02,
       1.4815612792968750e+02, 1.8971476745605469e+02,
       2.3077914428710938e+02, 2.7143429565429688e+02,
       3.1147091674804688e+02, 3.5104388427734375e+02,
       3.9013540649414062e+02, 4.2861532592773438e+02,
       1.5007354736328125e+02, 1.9144863891601562e+02,
       2.3236695861816406e+02, 2.7262841796875000e+02,
       3.1253076171875000e+02, 3.5183309936523438e+02,
       3.9070343017578125e+02, 4.2924951171875000e+02,
       1.5190295410156250e+02, 1.9318142700195312e+02,
       2.3373147583007812e+02, 2.7392556762695312e+02,
       3.1356460571289062e+02, 3.5270397949218750e+02,
       3.9147415161132812e+02, 4.2961065673828125e+02,
       8.8383575439453125e+01, 8.8403854370117188e+01,
       8.8423957824707031e+01, 8.8439956665039062e+01,
       8.8461845397949219e+01, 8.8477607727050781e+01,
       8.8482467651367188e+01, 8.8505538940429688e+01,
       1.2994586181640625e+02, 1.2966954040527344e+02,
       1.2947972106933594e+02, 1.2929902648925781e+02,
       1.2901211547851562e+02, 1.2871212768554688e+02,
       1.2853590393066406e+02, 1.2837290954589844e+02,
       1.7124311828613281e+02, 1.7063633728027344e+02,
       1.7023629760742188e+02, 1.6963211059570312e+02,
       1.6925373840332031e+02, 1.6864964294433594e+02,
       1.6829698181152344e+02, 1.6768818664550781e+02,
       2.1197395324707031e+02, 2.1128028869628906e+02,
       2.1047697448730469e+02, 2.0966252136230469e+02,
       2.0895108032226562e+02, 2.0831420898437500e+02,
       2.0752552795410156e+02, 2.0673910522460938e+02,
       2.5241658020019531e+02, 2.5140878295898438e+02,
       2.5040371704101562e+02, 2.4940911865234375e+02,
       2.4842509460449219e+02, 2.4744807434082031e+02,
       2.4647343444824219e+02, 2.4551271057128906e+02,
       2.9242678833007812e+02, 2.9117349243164062e+02,
       2.8980725097656250e+02, 2.8859115600585938e+02,
       2.8744592285156250e+02, 2.8626394653320312e+02,
       2.8501095581054688e+02, 2.8374557495117188e+02,
       3.2774179077148438e+02, 3.6439810180664062e+02,
       4.0234619140625000e+02, 4.4166818237304688e+02,
       4.8273468017578125e+02, 5.2555291748046875e+02,
       5.7020831298828125e+02, 6.1665686035156250e+02,
       3.2943148803710938e+02, 3.6566836547851562e+02,
       4.0352032470703125e+02, 4.4276275634765625e+02,
       4.8366390991210938e+02, 5.2632330322265625e+02,
       5.7064807128906250e+02, 6.1695330810546875e+02,
       3.3082321166992188e+02, 3.6722253417968750e+02,
       4.0469671630859375e+02, 4.4384164428710938e+02,
       4.8459170532226562e+02, 5.2698358154296875e+02,
       5.7122131347656250e+02, 6.1727093505859375e+02,
       3.3245217895507812e+02, 3.6852026367187500e+02,
       4.0600509643554688e+02, 4.4496215820312500e+02,
       4.8549932861328125e+02, 5.2767407226562500e+02,
       5.7164562988281250e+02, 6.1751733398437500e+02,
       3.3385635375976562e+02, 3.6979220581054688e+02,
       4.0732003784179688e+02, 4.4605029296875000e+02,
       4.8642117309570312e+02, 5.2840393066406250e+02,
       5.7222137451171875e+02, 6.1774261474609375e+02,
       3.3544677734375000e+02, 3.7135317993164062e+02,
       4.0845596313476562e+02, 4.4715213012695312e+02,
       4.8731604003906250e+02, 5.2915209960937500e+02,
       5.7263287353515625e+02, 6.1808929443359375e+02,
       9.7170616149902344e+01, 9.3525245666503906e+01,
       8.9746078491210938e+01, 8.5862045288085938e+01,
       8.1798744201660156e+01, 7.7602813720703125e+01,
       7.3261314392089844e+01, 6.8604721069335938e+01,
       1.3524208068847656e+02, 1.3237136840820312e+02,
       1.2940544128417969e+02, 1.2632611846923828e+02,
       1.2311474609375000e+02, 1.1970315551757812e+02,
       1.1629756164550781e+02, 1.1259286499023438e+02,
       1.7291944885253906e+02, 1.7077305603027344e+02,
       1.6859107971191406e+02, 1.6634991455078125e+02,
       1.6389772033691406e+02, 1.6145799255371094e+02,
       1.5882254028320312e+02, 1.5619137573242188e+02,
       2.1040393066406250e+02, 2.0887768554687500e+02,
       2.0748947143554688e+02, 2.0592486572265625e+02,
       2.0441438293457031e+02, 2.0269604492187500e+02,
       2.0103907775878906e+02, 1.9926675415039062e+02,
       2.4746354675292969e+02, 2.4663276672363281e+02,
       2.4596134948730469e+02, 2.4530229187011719e+02,
       2.4446473693847656e+02, 2.4360421752929688e+02,
       2.4272146606445312e+02, 2.4184231567382812e+02,
       2.8422640991210938e+02, 2.8420742797851562e+02,
       2.8420739746093750e+02, 2.8419400024414062e+02,
       2.8419177246093750e+02, 2.8417098999023438e+02,
       2.8416339111328125e+02, 2.8414462280273438e+02,
       3.2781646728515625e+02, 3.6253366088867188e+02,
       3.9851147460937500e+02, 4.3567361450195312e+02,
       4.7436019897460938e+02, 5.1436975097656250e+02,
       5.5587451171875000e+02, 5.9909106445312500e+02,
       3.2851748657226562e+02, 3.6362091064453125e+02,
       4.0018167114257812e+02, 4.3776165771484375e+02,
       4.7689471435546875e+02, 5.1751800537109375e+02,
       5.5963421630859375e+02, 6.0350573730468750e+02,
       3.2943704223632812e+02, 3.6479644775390625e+02,
       4.0166519165039062e+02, 4.3991537475585938e+02,
       4.7959686279296875e+02, 5.2073236083984375e+02,
       5.6355206298828125e+02, 6.0808435058593750e+02,
       3.3010351562500000e+02, 3.6613296508789062e+02,
       4.0342980957031250e+02, 4.4219052124023438e+02,
       4.8236538696289062e+02, 5.2417065429687500e+02,
       5.6753533935546875e+02, 6.1270599365234375e+02,
       3.3073388671875000e+02, 3.6736065673828125e+02,
       4.0519107055664062e+02, 4.4440179443359375e+02,
       4.8521572875976562e+02, 5.2753155517578125e+02,
       5.7161169433593750e+02, 6.1753399658203125e+02,
       3.3151889038085938e+02, 3.6853472900390625e+02,
       4.0680078125000000e+02, 4.4666159057617188e+02,
       4.8808001708984375e+02, 5.3111505126953125e+02,
       5.7580505371093750e+02, 6.2250036621093750e+02,
       2.1058734130859375e+02, 2.0767430114746094e+02,
       2.0465785217285156e+02, 2.0155644226074219e+02,
       1.9833430480957031e+02, 1.9495805358886719e+02,
       1.9149446105957031e+02, 1.8785052490234375e+02,
       2.4610859680175781e+02, 2.4372511291503906e+02,
       2.4139353942871094e+02, 2.3884739685058594e+02,
       2.3634072875976562e+02, 2.3360632324218750e+02,
       2.3081863403320312e+02, 2.2793998718261719e+02,
       2.8245208740234375e+02, 2.8066821289062500e+02,
       2.7893386840820312e+02, 2.7720574951171875e+02,
       2.7530981445312500e+02, 2.7334078979492188e+02,
       2.7129611206054688e+02, 2.6916220092773438e+02,
       3.1959170532226562e+02, 3.1856542968750000e+02,
       3.1751684570312500e+02, 3.1642211914062500e+02,
       3.1527453613281250e+02, 3.1400744628906250e+02,
       3.1272213745117188e+02, 3.1145214843750000e+02,
       3.5768560791015625e+02, 3.5745132446289062e+02,
       3.5704611206054688e+02, 3.5661163330078125e+02,
       3.5629830932617188e+02, 3.5576657104492188e+02,
       3.5540567016601562e+02, 3.5489233398437500e+02,
       3.9677044677734375e+02, 3.9725469970703125e+02,
       3.9755749511718750e+02, 3.9790875244140625e+02,
       3.9838906860351562e+02, 3.9871383666992188e+02,
       3.9925152587890625e+02, 3.9963973999023438e+02,
       7.0137596130371094e+01, 1.1585533905029297e+02,
       1.6013438415527344e+02, 2.0282630920410156e+02,
       2.4437265014648438e+02, 2.8445932006835938e+02,
       3.2340066528320312e+02, 3.6102239990234375e+02,
       6.7920600891113281e+01, 1.1411415100097656e+02,
       1.5873310852050781e+02, 2.0191903686523438e+02,
       2.4366883850097656e+02, 2.8428347778320312e+02,
       3.2344616699218750e+02, 3.6146881103515625e+02,
       6.5698493957519531e+01, 1.1233612060546875e+02,
       1.5741630554199219e+02, 2.0096536254882812e+02,
       2.4321276855468750e+02, 2.8392553710937500e+02,
       3.2350372314453125e+02, 3.6171194458007812e+02,
       6.3425971984863281e+01, 1.1052510070800781e+02,
       1.5601896667480469e+02, 2.0001286315917969e+02,
       2.4254385375976562e+02, 2.8365988159179688e+02,
       3.2354049682617188e+02, 3.6229428100585938e+02,
       6.1125690460205078e+01, 1.0865441894531250e+02,
       1.5461326599121094e+02, 1.9899954223632812e+02,
       2.4191224670410156e+02, 2.8346517944335938e+02,
       3.2361871337890625e+02, 3.6255569458007812e+02,
       5.8724994659423828e+01, 1.0680554962158203e+02,
       1.5318316650390625e+02, 1.9801103210449219e+02,
       2.4134909057617188e+02, 2.8329315185546875e+02,
       3.2368777465820312e+02, 3.6306433105468750e+02,
       1.6878970336914062e+02, 1.7025753784179688e+02,
       1.7151156616210938e+02, 1.7272535705566406e+02,
       1.7401953125000000e+02, 1.7529565429687500e+02,
       1.7643350219726562e+02, 1.7750736999511719e+02,
       2.1040652465820312e+02, 2.1108441162109375e+02,
       2.1165979003906250e+02, 2.1238710021972656e+02,
       2.1289619445800781e+02, 2.1352206420898438e+02,
       2.1415107727050781e+02, 2.1458084106445312e+02,
       2.5265768432617188e+02, 2.5262017822265625e+02,
       2.5258399963378906e+02, 2.5255520629882812e+02,
       2.5251316833496094e+02, 2.5250109863281250e+02,
       2.5247595214843750e+02, 2.5245761108398438e+02,
       2.9574307250976562e+02, 2.9499212646484375e+02,
       2.9429602050781250e+02, 2.9349777221679688e+02,
       2.9272845458984375e+02, 2.9214846801757812e+02,
       2.9146109008789062e+02, 2.9071060180664062e+02,
       3.3966500854492188e+02, 3.3816488647460938e+02,
       3.3659927368164062e+02, 3.3520202636718750e+02,
       3.3371264648437500e+02, 3.3242016601562500e+02,
       3.3111062622070312e+02, 3.2972845458984375e+02,
       3.8441021728515625e+02, 3.8204931640625000e+02,
       3.7973806762695312e+02, 3.7754818725585938e+02,
       3.7544476318359375e+02, 3.7339215087890625e+02,
       3.7141549682617188e+02, 3.6946850585937500e+02,
       5.2326515197753906e+01, 1.0373386383056641e+02,
       1.5369483947753906e+02, 2.0230220031738281e+02,
       2.4944679260253906e+02, 2.9530676269531250e+02,
       3.3983993530273438e+02, 3.8332531738281250e+02,
       5.6635959625244141e+01, 1.0748837280273438e+02,
       1.5679629516601562e+02, 2.0479113769531250e+02,
       2.5146702575683594e+02, 2.9680096435546875e+02,
       3.4089151000976562e+02, 3.8382299804687500e+02,
       6.0892913818359375e+01, 1.1115651702880859e+02,
       1.5987719726562500e+02, 2.0735209655761719e+02,
       2.5346269226074219e+02, 2.9832107543945312e+02,
       3.4194421386718750e+02, 3.8445809936523438e+02,
       6.5096244812011719e+01, 1.1465931701660156e+02,
       1.6286058044433594e+02, 2.0978407287597656e+02,
       2.5540255737304688e+02, 2.9975537109375000e+02,
       3.4293997192382812e+02, 3.8506436157226562e+02,
       6.9202110290527344e+01, 1.1821299743652344e+02,
       1.6581047058105469e+02, 2.1220640563964844e+02,
       2.5732482910156250e+02, 3.0122955322265625e+02,
       3.4393457031250000e+02, 3.8557302856445312e+02,
       7.3164665222167969e+01, 1.2157266235351562e+02,
       1.6867950439453125e+02, 2.1455635070800781e+02,
       2.5917980957031250e+02, 3.0260726928710938e+02,
       3.4486962890625000e+02, 3.8621655273437500e+02,
       3.0601594924926758e+01, 3.2351215362548828e+01,
       3.3808658599853516e+01, 3.5441036224365234e+01,
       3.6867519378662109e+01, 3.8371978759765625e+01,
       3.9766777038574219e+01, 4.1191982269287109e+01,
       8.0101676940917969e+01, 8.0923736572265625e+01,
       8.1764053344726562e+01, 8.2651962280273438e+01,
       8.3498168945312500e+01, 8.4317695617675781e+01,
       8.5111083984375000e+01, 8.5782043457031250e+01,
       1.2842413330078125e+02, 1.2856707763671875e+02,
       1.2870776367187500e+02, 1.2890808105468750e+02,
       1.2917216491699219e+02, 1.2933898925781250e+02,
       1.2944744873046875e+02, 1.2961178588867188e+02,
       1.7563679504394531e+02, 1.7523187255859375e+02,
       1.7467147827148438e+02, 1.7429492187500000e+02,
       1.7375730895996094e+02, 1.7338970947265625e+02,
       1.7291810607910156e+02, 1.7253613281250000e+02,
       2.2184957885742188e+02, 2.2074516296386719e+02,
       2.1967343139648438e+02, 2.1860383605957031e+02,
       2.1756285095214844e+02, 2.1655636596679688e+02,
       2.1556137084960938e+02, 2.1459776306152344e+02,
       2.6719015502929688e+02, 2.6541955566406250e+02,
       2.6370510864257812e+02, 2.6208532714843750e+02,
       2.6046536254882812e+02, 2.5885217285156250e+02,
       2.5739086914062500e+02, 2.5583012390136719e+02,
       3.0487353515625000e+02, 3.4498117065429688e+02,
       3.8663577270507812e+02, 4.2999331665039062e+02,
       4.7518600463867188e+02, 5.2221020507812500e+02,
       5.7125244140625000e+02, 6.2240417480468750e+02,
       3.0699841308593750e+02, 3.4668289184570312e+02,
       3.8801712036132812e+02, 4.3090783691406250e+02,
       4.7559719848632812e+02, 5.2220159912109375e+02,
       5.7059613037109375e+02, 6.2130651855468750e+02,
       3.0909500122070312e+02, 3.4844909667968750e+02,
       3.8936968994140625e+02, 4.3180148315429688e+02,
       4.7613568115234375e+02, 5.2218298339843750e+02,
       5.7017077636718750e+02, 6.2019824218750000e+02,
       3.1110220336914062e+02, 3.5016122436523438e+02,
       3.9060668945312500e+02, 4.3271679687500000e+02,
       4.7656533813476562e+02, 5.2218493652343750e+02,
       5.6959344482421875e+02, 6.1912213134765625e+02,
       3.1308297729492188e+02, 3.5167715454101562e+02,
       3.9187475585937500e+02, 4.3361898803710938e+02,
       4.7702749633789062e+02, 5.2216516113281250e+02,
       5.6913665771484375e+02, 6.1803759765625000e+02,
       3.1493234252929688e+02, 3.5340618896484375e+02,
       3.9321719360351562e+02, 4.3451608276367188e+02,
       4.7745050048828125e+02, 5.2218298339843750e+02,
       5.6861474609375000e+02, 6.1702294921875000e+02,
       5.0331329345703125e+01, 4.6156509399414062e+01,
       4.1726440429687500e+01, 3.7306880950927734e+01,
       3.2544773101806641e+01, 2.7635385513305664e+01,
       2.2539421081542969e+01, 1.7259700775146484e+01,
       9.3005157470703125e+01, 8.9649986267089844e+01,
       8.6294624328613281e+01, 8.2618576049804688e+01,
       7.8902122497558594e+01, 7.5063163757324219e+01,
       7.1008682250976562e+01, 6.6746490478515625e+01,
       1.3487216186523438e+02, 1.3243040466308594e+02,
       1.2980300903320312e+02, 1.2718606567382812e+02,
       1.2436407470703125e+02, 1.2145259094238281e+02,
       1.1842116546630859e+02, 1.1528050231933594e+02,
       1.7602770996093750e+02, 1.7435260009765625e+02,
       1.7255697631835938e+02, 1.7071455383300781e+02,
       1.6882858276367188e+02, 1.6685220336914062e+02,
       1.6478150939941406e+02, 1.6263310241699219e+02,
       2.1639160156250000e+02, 2.1545106506347656e+02,
       2.1447244262695312e+02, 2.1347688293457031e+02,
       2.1243748474121094e+02, 2.1136251831054688e+02,
       2.1026823425292969e+02, 2.0909159851074219e+02,
       2.5590870666503906e+02, 2.5569197082519531e+02,
       2.5556809997558594e+02, 2.5540330505371094e+02,
       2.5521102905273438e+02, 2.5489332580566406e+02,
       2.5467834472656250e+02, 2.5446206665039062e+02,
       2.1059118652343750e+02, 2.5077337646484375e+02,
       2.9144848632812500e+02, 3.3239923095703125e+02,
       3.7366064453125000e+02, 4.1539682006835938e+02,
       4.5746487426757812e+02, 4.9986303710937500e+02,
       2.1033990478515625e+02, 2.5079147338867188e+02,
       2.9170690917968750e+02, 3.3314132690429688e+02,
       3.7471343994140625e+02, 4.1679449462890625e+02,
       4.5929003906250000e+02, 5.0214566040039062e+02,
       2.0988711547851562e+02, 2.5078150939941406e+02,
       2.9220349121093750e+02, 3.3373410034179688e+02,
       3.7579852294921875e+02, 4.1831768798828125e+02,
       4.6114672851562500e+02, 5.0436340332031250e+02,
       2.0955683898925781e+02, 2.5078857421875000e+02,
       2.9249707031250000e+02, 3.3453747558593750e+02,
       3.7693255615234375e+02, 4.1975982666015625e+02,
       4.6299572753906250e+02, 5.0662615966796875e+02,
       2.0927734375000000e+02, 2.5077442932128906e+02,
       2.9282174682617188e+02, 3.3532327270507812e+02,
       3.7814660644531250e+02, 4.2132318115234375e+02,
       4.6493847656250000e+02, 5.0894409179687500e+02,
       2.0876110839843750e+02, 2.5079158020019531e+02,
       2.9328674316406250e+02, 3.3608227539062500e+02,
       3.7926251220703125e+02, 4.2284240722656250e+02,
       4.6687045288085938e+02, 5.1135562133789062e+02,
       1.6280097961425781e+02, 1.6130691528320312e+02,
       1.5961425781250000e+02, 1.5803135681152344e+02,
       1.5640177917480469e+02, 1.5468908691406250e+02,
       1.5307435607910156e+02, 1.5140394592285156e+02,
       2.0323381042480469e+02, 2.0171586608886719e+02,
       2.0035685729980469e+02, 1.9881954956054688e+02,
       1.9741693115234375e+02, 1.9587670898437500e+02,
       1.9443769836425781e+02, 1.9288029479980469e+02,
       2.4426574707031250e+02, 2.4294132995605469e+02,
       2.4167051696777344e+02, 2.4043762207031250e+02,
       2.3918037414550781e+02, 2.3780488586425781e+02,
       2.3651651000976562e+02, 2.3523263549804688e+02,
       2.8596096801757812e+02, 2.8485342407226562e+02,
       2.8378012084960938e+02, 2.8269638061523438e+02,
       2.8160662841796875e+02, 2.8049679565429688e+02,
       2.7938729858398438e+02, 2.7827389526367188e+02,
       3.2846380615234375e+02, 3.2757363891601562e+02,
       3.2666711425781250e+02, 3.2574639892578125e+02,
       3.2481646728515625e+02, 3.2391171264648438e+02,
       3.2300695800781250e+02, 3.2210427856445312e+02,
       3.7169409179687500e+02, 3.7101870727539062e+02,
       3.7034664916992188e+02, 3.6960473632812500e+02,
       3.6885372924804688e+02, 3.6821252441406250e+02,
       3.6743231201171875e+02, 3.6669458007812500e+02,
       2.7089174270629883e+01, 8.1157585144042969e+01,
       1.3339137268066406e+02, 1.8385179138183594e+02,
       2.3276113891601562e+02, 2.8020477294921875e+02,
       3.2606008911132812e+02, 3.7048327636718750e+02,
       2.6162271499633789e+01, 8.0465438842773438e+01,
       1.3292059326171875e+02, 1.8368090820312500e+02,
       2.3280082702636719e+02, 2.8042193603515625e+02,
       3.2647964477539062e+02, 3.7119015502929688e+02,
       2.5232093811035156e+01, 7.9703445434570312e+01,
       1.3253175354003906e+02, 1.8354257202148438e+02,
       2.3287274169921875e+02, 2.8063876342773438e+02,
       3.2692919921875000e+02, 3.7172039794921875e+02,
       2.4276033401489258e+01, 7.9159431457519531e+01,
       1.3218399047851562e+02, 1.8341539001464844e+02,
       2.3293173217773438e+02, 2.8092999267578125e+02,
       3.2741226196289062e+02, 3.7242294311523438e+02,
       2.3337150573730469e+01, 7.8447341918945312e+01,
       1.3164118957519531e+02, 1.8327645874023438e+02,
       2.3304113769531250e+02, 2.8128237915039062e+02,
       3.2783819580078125e+02, 3.7311602783203125e+02,
       2.2345573425292969e+01, 7.7653762817382812e+01,
       1.3134385681152344e+02, 1.8306459045410156e+02,
       2.3311495971679688e+02, 2.8149847412109375e+02,
       3.2837988281250000e+02, 3.7371112060546875e+02,
       1.1234944152832031e+02, 1.1409978485107422e+02,
       1.1572476959228516e+02, 1.1744478607177734e+02,
       1.1903323364257812e+02, 1.2057131195068359e+02,
       1.2210834503173828e+02, 1.2353349304199219e+02,
       1.6147500610351562e+02, 1.6242784118652344e+02,
       1.6335917663574219e+02, 1.6424098205566406e+02,
       1.6503744506835938e+02, 1.6578988647460938e+02,
       1.6664723205566406e+02, 1.6740942382812500e+02,
       2.1113101196289062e+02, 2.1125401306152344e+02,
       2.1134101867675781e+02, 2.1140965270996094e+02,
       2.1144056701660156e+02, 2.1152166748046875e+02,
       2.1159539794921875e+02, 2.1165351867675781e+02,
       2.6128115844726562e+02, 2.6046337890625000e+02,
       2.5964447021484375e+02, 2.5894277954101562e+02,
       2.5834597778320312e+02, 2.5760379028320312e+02,
       2.5693069458007812e+02, 2.5635113525390625e+02,
       3.1171774291992188e+02, 3.1024053955078125e+02,
       3.0855862426757812e+02, 3.0704272460937500e+02,
       3.0554034423828125e+02, 3.0416076660156250e+02,
       3.0268884277343750e+02, 3.0136367797851562e+02,
       3.6284777832031250e+02, 3.6042224121093750e+02,
       3.5786404418945312e+02, 3.5553567504882812e+02,
       3.5329541015625000e+02, 3.5103897094726562e+02,
       3.4885244750976562e+02, 3.4677539062500000e+02,
       3.5349288940429688e+02, 3.9412631225585938e+02,
       4.3699655151367188e+02, 4.8234692382812500e+02,
       5.3037780761718750e+02, 5.8131884765625000e+02,
       6.3544470214843750e+02, 6.9308337402343750e+02,
       3.5501123046875000e+02, 3.9582009887695312e+02,
       4.3897326660156250e+02, 4.8458059692382812e+02,
       5.3286340332031250e+02, 5.8420422363281250e+02,
       6.3862145996093750e+02, 6.9667559814453125e+02,
       3.5654077148437500e+02, 3.9759252929687500e+02,
       4.4099694824218750e+02, 4.8683325195312500e+02,
       5.3547882080078125e+02, 5.8708599853515625e+02,
       6.4191058349609375e+02, 7.0039239501953125e+02,
       3.5815286254882812e+02, 3.9941677856445312e+02,
       4.4300396728515625e+02, 4.8918917846679688e+02,
       5.3808923339843750e+02, 5.8999291992187500e+02,
       6.4525805664062500e+02, 7.0412023925781250e+02,
       3.5965130615234375e+02, 4.0121139526367188e+02,
       4.4506314086914062e+02, 4.9147473144531250e+02,
       5.4066137695312500e+02, 5.9291864013671875e+02,
       6.4855163574218750e+02, 7.0779852294921875e+02,
       3.6130151367187500e+02, 4.0301974487304688e+02,
       4.4712026977539062e+02, 4.9377932739257812e+02,
       5.4335424804687500e+02, 5.9591656494140625e+02,
       6.5189184570312500e+02, 7.1161297607421875e+02,
       1.3241625976562500e+02, 1.2738056945800781e+02,
       1.2203450775146484e+02, 1.1641756439208984e+02,
       1.1045393371582031e+02, 1.0414808654785156e+02,
       9.7421867370605469e+01, 9.0295906066894531e+01,
       1.7390765380859375e+02, 1.7000234985351562e+02,
       1.6580090332031250e+02, 1.6146850585937500e+02,
       1.5676739501953125e+02, 1.5183093261718750e+02,
       1.4660618591308594e+02, 1.4104846191406250e+02,
       2.1579113769531250e+02, 2.1303373718261719e+02,
       2.1008024597167969e+02, 2.0689135742187500e+02,
       2.0359176635742188e+02, 2.0010098266601562e+02,
       1.9636065673828125e+02, 1.9236714172363281e+02,
       2.5810150146484375e+02, 2.5642724609375000e+02,
       2.5465364074707031e+02, 2.5278205871582031e+02,
       2.5080047607421875e+02, 2.4870521545410156e+02,
       2.4654290771484375e+02, 2.4427059936523438e+02,
       3.0065399169921875e+02, 3.0025027465820312e+02,
       2.9966119384765625e+02, 2.9918780517578125e+02,
       2.9854544067382812e+02, 2.9788296508789062e+02,
       2.9736734008789062e+02, 2.9655291748046875e+02,
       3.4365722656250000e+02, 3.4436401367187500e+02,
       3.4514328002929688e+02, 3.4580966186523438e+02,
       3.4665719604492188e+02, 3.4756649780273438e+02,
       3.4853097534179688e+02, 3.4953411865234375e+02,
       2.6327862548828125e+02, 3.1077514648437500e+02,
       3.6047317504882812e+02, 4.1213836669921875e+02,
       4.6579077148437500e+02, 5.2206469726562500e+02,
       5.8060717773437500e+02, 6.4188964843750000e+02,
       2.6436315917968750e+02, 3.1231182861328125e+02,
       3.6213790893554688e+02, 4.1399133300781250e+02,
       4.6823550415039062e+02, 5.2456817626953125e+02,
       5.8356463623046875e+02, 6.4534643554687500e+02,
       2.6547100830078125e+02, 3.1355422973632812e+02,
       3.6363165283203125e+02, 4.1586798095703125e+02,
       4.7044796752929688e+02, 5.2731616210937500e+02,
       5.8655364990234375e+02, 6.4860406494140625e+02,
       2.6656600952148438e+02, 3.1500079345703125e+02,
       3.6544631958007812e+02, 4.1780920410156250e+02,
       4.7258508300781250e+02, 5.2973352050781250e+02,
       5.8955279541015625e+02, 6.5212139892578125e+02,
       2.6768563842773438e+02, 3.1644357299804688e+02,
       3.6715872192382812e+02, 4.1977661132812500e+02,
       4.7495455932617188e+02, 5.3250134277343750e+02,
       5.9258581542968750e+02, 6.5551629638671875e+02,
       2.6882858276367188e+02, 3.1774133300781250e+02,
       3.6866137695312500e+02, 4.2178378295898438e+02,
       4.7740710449218750e+02, 5.3532049560546875e+02,
       5.9561529541015625e+02, 6.5905072021484375e+02,
       1.0667309570312500e+02, 1.0208117675781250e+02,
       9.7235877990722656e+01, 9.2186531066894531e+01,
       8.6903465270996094e+01, 8.1411453247070312e+01,
       7.5681167602539062e+01, 6.9694946289062500e+01,
       1.5595391845703125e+02, 1.5230163574218750e+02,
       1.4843759155273438e+02, 1.4442985534667969e+02,
       1.4026594543457031e+02, 1.3588900756835938e+02,
       1.3135302734375000e+02, 1.2657371520996094e+02,
       2.0567007446289062e+02, 2.0295440673828125e+02,
       2.0020803833007812e+02, 1.9728054809570312e+02,
       1.9420056152343750e+02, 1.9088282775878906e+02,
       1.8757632446289062e+02, 1.8415315246582031e+02,
       2.5584281921386719e+02, 2.5422377014160156e+02,
       2.5244705200195312e+02, 2.5053854370117188e+02,
       2.4856561279296875e+02, 2.4655786132812500e+02,
       2.4451072692871094e+02, 2.4236470031738281e+02,
       3.0653723144531250e+02, 3.0579229736328125e+02,
       3.0520080566406250e+02, 3.0447250366210938e+02,
       3.0354681396484375e+02, 3.0266046142578125e+02,
       3.0182891845703125e+02, 3.0100933837890625e+02,
       3.5766235351562500e+02, 3.5805838012695312e+02,
       3.5847006225585938e+02, 3.5867758178710938e+02,
       3.5926220703125000e+02, 3.5954824829101562e+02,
       3.5998425292968750e+02, 3.6053686523437500e+02,
       1.3520214843750000e+02, 1.8734834289550781e+02,
       2.3957925415039062e+02, 2.9246246337890625e+02,
       3.4548120117187500e+02, 3.9864663696289062e+02,
       4.5246408081054688e+02, 5.0642147827148438e+02,
       1.3535881042480469e+02, 1.8755467224121094e+02,
       2.4042491149902344e+02, 2.9342294311523438e+02,
       3.4652346801757812e+02, 4.0032199096679688e+02,
       4.5420376586914062e+02, 5.0842016601562500e+02,
       1.3546472167968750e+02, 1.8807458496093750e+02,
       2.4096673583984375e+02, 2.9434628295898438e+02,
       3.4767178344726562e+02, 4.0154919433593750e+02,
       4.5572183227539062e+02, 5.1041821289062500e+02,
       1.3550979614257812e+02, 1.8848275756835938e+02,
       2.4154570007324219e+02, 2.9526464843750000e+02,
       3.4895809936523438e+02, 4.0323092651367188e+02,
       4.5752047729492188e+02, 5.1243969726562500e+02,
       1.3559103393554688e+02, 1.8874237060546875e+02,
       2.4243339538574219e+02, 2.9617547607421875e+02,
       3.5031784057617188e+02, 4.0452725219726562e+02,
       4.5944329833984375e+02, 5.1445617675781250e+02,
       1.3571563720703125e+02, 1.8937330627441406e+02,
       2.4297396850585938e+02, 2.9709912109375000e+02,
       3.5148104858398438e+02, 4.0620779418945312e+02,
       4.6122412109375000e+02, 5.1648907470703125e+02,
       9.9081573486328125e+01, 9.7390846252441406e+01,
       9.5537734985351562e+01, 9.3666976928710938e+01,
       9.1912010192871094e+01, 9.0275146484375000e+01,
       8.8446838378906250e+01, 8.6546981811523438e+01,
       1.5135795593261719e+02, 1.4959370422363281e+02,
       1.4802420043945312e+02, 1.4646569824218750e+02,
       1.4465167236328125e+02, 1.4315121459960938e+02,
       1.4149157714843750e+02, 1.3965417480468750e+02,
       2.0393585205078125e+02, 2.0252740478515625e+02,
       2.0104357910156250e+02, 1.9954113769531250e+02,
       1.9806582641601562e+02, 1.9654034423828125e+02,
       1.9502644348144531e+02, 1.9352726745605469e+02,
       2.5731497192382812e+02, 2.5580087280273438e+02,
       2.5454591369628906e+02, 2.5331547546386719e+02,
       2.5176887512207031e+02, 2.5053540039062500e+02,
       2.4923164367675781e+02, 2.4765791320800781e+02,
       3.1093664550781250e+02, 3.0969961547851562e+02,
       3.0856491088867188e+02, 3.0750378417968750e+02,
       3.0633218383789062e+02, 3.0503317260742188e+02,
       3.0369992065429688e+02, 3.0255545043945312e+02,
       3.6536816406250000e+02, 3.6433245849609375e+02,
       3.6330075073242188e+02, 3.6225384521484375e+02,
       3.6120910644531250e+02, 3.6014175415039062e+02,
       3.5904733276367188e+02, 3.5792175292968750e+02,
       1.9380848693847656e+02, 2.3249331665039062e+02,
       2.7131127929687500e+02, 3.1010897827148438e+02,
       3.4904452514648438e+02, 3.8812527465820312e+02,
       4.2732379150390625e+02, 4.6653219604492188e+02,
       1.9251528930664062e+02, 2.3158602905273438e+02,
       2.7076998901367188e+02, 3.1026092529296875e+02,
       3.4957888793945312e+02, 3.8926773071289062e+02,
       4.2881317138671875e+02, 4.6864511108398438e+02,
       1.9122573852539062e+02, 2.3068276977539062e+02,
       2.7048580932617188e+02, 3.1036599731445312e+02,
       3.5033599853515625e+02, 3.9037429809570312e+02,
       4.3052661132812500e+02, 4.7078762817382812e+02,
       1.8967984008789062e+02, 2.2979312133789062e+02,
       2.7012988281250000e+02, 3.1046292114257812e+02,
       3.5085427856445312e+02, 3.9151150512695312e+02,
       4.3226846313476562e+02, 4.7310696411132812e+02,
       1.8833666992187500e+02, 2.2886035156250000e+02,
       2.6963488769531250e+02, 3.1054318237304688e+02,
       3.5156457519531250e+02, 3.9266525268554688e+02,
       4.3396725463867188e+02, 4.7537808227539062e+02,
       1.8673326110839844e+02, 2.2796861267089844e+02,
       2.6932714843750000e+02, 3.1065771484375000e+02,
       3.5230969238281250e+02, 3.9391787719726562e+02,
       4.3571505737304688e+02, 4.7768176269531250e+02,
       1.8917590332031250e+02, 1.8798654174804688e+02,
       1.8680364990234375e+02, 1.8568681335449219e+02,
       1.8459472656250000e+02, 1.8352238464355469e+02,
       1.8243679809570312e+02, 1.8134304809570312e+02,
       2.2743316650390625e+02, 2.2638095092773438e+02,
       2.2531715393066406e+02, 2.2423092651367188e+02,
       2.2312666320800781e+02, 2.2199064636230469e+02,
       2.2086099243164062e+02, 2.1975714111328125e+02,
       2.6659771728515625e+02, 2.6559136962890625e+02,
       2.6456188964843750e+02, 2.6354284667968750e+02,
       2.6251766967773438e+02, 2.6149429321289062e+02,
       2.6045852661132812e+02, 2.5942907714843750e+02,
       3.0686068725585938e+02, 3.0588723754882812e+02,
       3.0490939331054688e+02, 3.0393249511718750e+02,
       3.0295205688476562e+02, 3.0196051025390625e+02,
       3.0097735595703125e+02, 2.9997412109375000e+02,
       3.4828497314453125e+02, 3.4734527587890625e+02,
       3.4639440917968750e+02, 3.4545028686523438e+02,
       3.4449710083007812e+02, 3.4355078125000000e+02,
       3.4260186767578125e+02, 3.4164898681640625e+02,
       3.9065267944335938e+02, 3.8973834228515625e+02,
       3.8885531616210938e+02, 3.8802224731445312e+02,
       3.8718978881835938e+02, 3.8628900146484375e+02,
       3.8537103271484375e+02, 3.8446551513671875e+02,
       1.7902258300781250e+02, 2.1986367797851562e+02,
       2.6090982055664062e+02, 3.0211514282226562e+02,
       3.4335983276367188e+02, 3.8463314819335938e+02,
       4.2620724487304688e+02, 4.6768173217773438e+02,
       1.8016734313964844e+02, 2.2100515747070312e+02,
       2.6199005126953125e+02, 3.0317111206054688e+02,
       3.4436520385742188e+02, 3.8564495849609375e+02,
       4.2716979980468750e+02, 4.6865130615234375e+02,
       1.8127751159667969e+02, 2.2212695312500000e+02,
       2.6310577392578125e+02, 3.0420651245117188e+02,
       3.4538558959960938e+02, 3.8662548828125000e+02,
       4.2814389038085938e+02, 4.6959994506835938e+02,
       1.8235311889648438e+02, 2.2323350524902344e+02,
       2.6417239379882812e+02, 3.0525735473632812e+02,
       3.4639392089843750e+02, 3.8763394165039062e+02,
       4.2909985351562500e+02, 4.7057202148437500e+02,
       1.8344543457031250e+02, 2.2428411865234375e+02,
       2.6524642944335938e+02, 3.0627200317382812e+02,
       3.4741156005859375e+02, 3.8861730957031250e+02,
       4.3006835937500000e+02, 4.7152026367187500e+02,
       1.8449800109863281e+02, 2.2536848449707031e+02,
       2.6627362060546875e+02, 3.0731402587890625e+02,
       3.4840884399414062e+02, 3.8961962890625000e+02,
       4.3099417114257812e+02, 4.7248815917968750e+02,
       8.4463790893554688e+01, 8.3293769836425781e+01,
       8.2060554504394531e+01, 8.0791145324707031e+01,
       7.9601028442382812e+01, 7.8424407958984375e+01,
       7.7236328125000000e+01, 7.5927284240722656e+01,
       1.2561592864990234e+02, 1.2449655151367188e+02,
       1.2337738800048828e+02, 1.2224381256103516e+02,
       1.2105628204345703e+02, 1.1981461334228516e+02,
       1.1868177032470703e+02, 1.1753366851806641e+02,
       1.6673629760742188e+02, 1.6565747070312500e+02,
       1.6457914733886719e+02, 1.6350679016113281e+02,
       1.6242501831054688e+02, 1.6133573913574219e+02,
       1.6024909973144531e+02, 1.5912294006347656e+02,
       2.0782339477539062e+02, 2.0678471374511719e+02,
       2.0575904846191406e+02, 2.0472529602050781e+02,
       2.0368832397460938e+02, 2.0264173889160156e+02,
       2.0161015319824219e+02, 2.0056040954589844e+02,
       2.4887702941894531e+02, 2.4791555786132812e+02,
       2.4694285583496094e+02, 2.4597018432617188e+02,
       2.4498902893066406e+02, 2.4400102233886719e+02,
       2.4302287292480469e+02, 2.4203189086914062e+02,
       2.8989218139648438e+02, 2.8900299072265625e+02,
       2.8813299560546875e+02, 2.8721780395507812e+02,
       2.8629269409179688e+02, 2.8533462524414062e+02,
       2.8439266967773438e+02, 2.8343927001953125e+02,
       3.3240829467773438e+02, 3.6953244018554688e+02,
       4.0850201416015625e+02, 4.4931237792968750e+02,
       4.9210260009765625e+02, 5.3697662353515625e+02,
       5.8421276855468750e+02, 6.3390814208984375e+02,
       3.3370529174804688e+02, 3.7106250000000000e+02,
       4.0997134399414062e+02, 4.5077041625976562e+02,
       4.9358789062500000e+02, 5.3855078125000000e+02,
       5.8579388427734375e+02, 6.3552734375000000e+02,
       3.3535369873046875e+02, 3.7250192260742188e+02,
       4.1149160766601562e+02, 4.5233963012695312e+02,
       4.9516561889648438e+02, 5.4010058593750000e+02,
       5.8736175537109375e+02, 6.3712023925781250e+02,
       3.3662280273437500e+02, 3.7396408081054688e+02,
       4.1294976806640625e+02, 4.5379782104492188e+02,
       4.9665078735351562e+02, 5.4165911865234375e+02,
       5.8893170166015625e+02, 6.3871032714843750e+02,
       3.3827270507812500e+02, 3.7546151733398438e+02,
       4.1448721313476562e+02, 4.5536175537109375e+02,
       4.9823046875000000e+02, 5.4320330810546875e+02,
       5.9051361083984375e+02, 6.4029833984375000e+02,
       3.3955813598632812e+02, 3.7688131713867188e+02,
       4.1592019653320312e+02, 4.5682550048828125e+02,
       4.9970614624023438e+02, 5.4475891113281250e+02,
       5.9207177734375000e+02, 6.4188476562500000e+02,
       9.1688835144042969e+01, 8.6983863830566406e+01,
       8.2038475036621094e+01, 7.6796066284179688e+01,
       7.1400756835937500e+01, 6.5635894775390625e+01,
       5.9621429443359375e+01, 5.3343414306640625e+01,
       1.3043135070800781e+02, 1.2654542541503906e+02,
       1.2251194763183594e+02, 1.1831525421142578e+02,
       1.1379802703857422e+02, 1.0922560119628906e+02,
       1.0432054138183594e+02, 9.9169326782226562e+01,
       1.6908526611328125e+02, 1.6611383056640625e+02,
       1.6294619750976562e+02, 1.5966664123535156e+02,
       1.5631047058105469e+02, 1.5263688659667969e+02,
       1.4885140991210938e+02, 1.4487777709960938e+02,
       2.0765351867675781e+02, 2.0556539916992188e+02,
       2.0340750122070312e+02, 2.0111262512207031e+02,
       1.9864292907714844e+02, 1.9615783691406250e+02,
       1.9346379089355469e+02, 1.9062557983398438e+02,
       2.4634886169433594e+02, 2.4509179687500000e+02,
       2.4372280883789062e+02, 2.4244828796386719e+02,
       2.4102886962890625e+02, 2.3954019165039062e+02,
       2.3796981811523438e+02, 2.3636819458007812e+02,
       2.8478198242187500e+02, 2.8449929809570312e+02,
       2.8419213867187500e+02, 2.8368685913085938e+02,
       2.8338681030273438e+02, 2.8287744140625000e+02,
       2.8246475219726562e+02, 2.8200833129882812e+02,
       3.3126550292968750e+02, 3.6662725830078125e+02,
       4.0373214721679688e+02, 4.4246865844726562e+02,
       4.8281655883789062e+02, 5.2509515380859375e+02,
       5.6930358886718750e+02, 6.1550842285156250e+02,
       3.3200253295898438e+02, 3.6804119873046875e+02,
       4.0555761718750000e+02, 4.4475946044921875e+02,
       4.8572012329101562e+02, 5.2859167480468750e+02,
       5.7348980712890625e+02, 6.2052862548828125e+02,
       3.3278262329101562e+02, 3.6940524291992188e+02,
       4.0744042968750000e+02, 4.4722415161132812e+02,
       4.8873037719726562e+02, 5.3232678222656250e+02,
       5.7782373046875000e+02, 6.2565332031250000e+02,
       3.3362704467773438e+02, 3.7063882446289062e+02,
       4.0934292602539062e+02, 4.4962197875976562e+02,
       4.9178991699218750e+02, 5.3605682373046875e+02,
       5.8238659667968750e+02, 6.3098651123046875e+02,
       3.3456976318359375e+02, 3.7215353393554688e+02,
       4.1129135131835938e+02, 4.5219210815429688e+02,
       4.9500408935546875e+02, 5.3984295654296875e+02,
       5.8697668457031250e+02, 6.3644946289062500e+02,
       3.3551828002929688e+02, 3.7353051757812500e+02,
       4.1325729370117188e+02, 4.5473101806640625e+02,
       4.9828582763671875e+02, 5.4382214355468750e+02,
       5.9169342041015625e+02, 6.4209130859375000e+02,
       1.7855041503906250e+02, 1.7456877136230469e+02,
       1.7043830871582031e+02, 1.6610424804687500e+02,
       1.6154257202148438e+02, 1.5676782226562500e+02,
       1.5180838012695312e+02, 1.4664091491699219e+02,
       2.1480116271972656e+02, 2.1154914855957031e+02,
       2.0816914367675781e+02, 2.0456315612792969e+02,
       2.0081745910644531e+02, 1.9692921447753906e+02,
       1.9282994079589844e+02, 1.8856539916992188e+02,
       2.5197364807128906e+02, 2.4946856689453125e+02,
       2.4678689575195312e+02, 2.4409649658203125e+02,
       2.4123832702636719e+02, 2.3822103881835938e+02,
       2.3504550170898438e+02, 2.3169432067871094e+02,
       2.9009515380859375e+02, 2.8836489868164062e+02,
       2.8651608276367188e+02, 2.8460263061523438e+02,
       2.8262524414062500e+02, 2.8055200195312500e+02,
       2.7839880371093750e+02, 2.7612295532226562e+02,
       3.2913714599609375e+02, 3.2826229858398438e+02,
       3.2729885864257812e+02, 3.2630227661132812e+02,
       3.2527239990234375e+02, 3.2419332885742188e+02,
       3.2299905395507812e+02, 3.2176666259765625e+02,
       3.6919088745117188e+02, 3.6914175415039062e+02,
       3.6910977172851562e+02, 3.6904800415039062e+02,
       3.6899530029296875e+02, 3.6894052124023438e+02,
       3.6889077758789062e+02, 3.6882806396484375e+02,
       3.2564956665039062e+02, 3.6073999023437500e+02,
       3.9741693115234375e+02, 4.3543023681640625e+02,
       4.7512487792968750e+02, 5.1646923828125000e+02,
       5.5967864990234375e+02, 6.0489721679687500e+02,
       3.2658801269531250e+02, 3.6218066406250000e+02,
       3.9888330078125000e+02, 4.3738079833984375e+02,
       4.7739941406250000e+02, 5.1924438476562500e+02,
       5.6284478759765625e+02, 6.0856390380859375e+02,
       3.2757885742187500e+02, 3.6342645263671875e+02,
       4.0053170776367188e+02, 4.3933621215820312e+02,
       4.7971188354492188e+02, 5.2194836425781250e+02,
       5.6617047119140625e+02, 6.1236773681640625e+02,
       3.2855996704101562e+02, 3.6459649658203125e+02,
       4.0223831176757812e+02, 4.4133728027343750e+02,
       4.8216311645507812e+02, 5.2475396728515625e+02,
       5.6942565917968750e+02, 6.1616857910156250e+02,
       3.2957156372070312e+02, 3.6592788696289062e+02,
       4.0376367187500000e+02, 4.4335156250000000e+02,
       4.8455480957031250e+02, 5.2763500976562500e+02,
       5.7270941162109375e+02, 6.1996661376953125e+02,
       3.3056274414062500e+02, 3.6738507080078125e+02,
       4.0550314331054688e+02, 4.4541381835937500e+02,
       4.8704983520507812e+02, 5.3057653808593750e+02,
       5.7620910644531250e+02, 6.2390100097656250e+02,
       1.8541195678710938e+02, 1.8216665649414062e+02,
       1.7870223999023438e+02, 1.7520799255371094e+02,
       1.7147198486328125e+02, 1.6759440612792969e+02,
       1.6356729125976562e+02, 1.5939279174804688e+02,
       2.2157804870605469e+02, 2.1903097534179688e+02,
       2.1636853027343750e+02, 2.1354479980468750e+02,
       2.1062548828125000e+02, 2.0759095764160156e+02,
       2.0445402526855469e+02, 2.0116351318359375e+02,
       2.5838781738281250e+02, 2.5650726318359375e+02,
       2.5456787109375000e+02, 2.5257072448730469e+02,
       2.5050610351562500e+02, 2.4835459899902344e+02,
       2.4606321716308594e+02, 2.4363932800292969e+02,
       2.9562338256835938e+02, 2.9456478881835938e+02,
       2.9348266601562500e+02, 2.9233441162109375e+02,
       2.9106823730468750e+02, 2.8972586059570312e+02,
       2.8841836547851562e+02, 2.8698171997070312e+02,
       3.3357797241210938e+02, 3.3338864135742188e+02,
       3.3298327636718750e+02, 3.3262063598632812e+02,
       3.3236294555664062e+02, 3.3189987182617188e+02,
       3.3155773925781250e+02, 3.3119699096679688e+02,
       3.7227249145507812e+02, 3.7263873291015625e+02,
       3.7327944946289062e+02, 3.7368634033203125e+02,
       3.7434960937500000e+02, 3.7483450317382812e+02,
       3.7548532104492188e+02, 3.7619006347656250e+02,
       6.0697116851806641e+01, 1.0677059173583984e+02,
       1.5177847290039062e+02, 1.9569973754882812e+02,
       2.3861189270019531e+02, 2.8051791381835938e+02,
       3.2146469116210938e+02, 3.6144573974609375e+02,
       6.0058288574218750e+01, 1.0637261199951172e+02,
       1.5157354736328125e+02, 1.9565020751953125e+02,
       2.3868818664550781e+02, 2.8074475097656250e+02,
       3.2181878662109375e+02, 3.6205340576171875e+02,
       5.9365234375000000e+01, 1.0586982727050781e+02,
       1.5134823608398438e+02, 1.9559022521972656e+02,
       2.3880691528320312e+02, 2.8113153076171875e+02,
       3.2238644409179688e+02, 3.6257723999023438e+02,
       5.8688747406005859e+01, 1.0544007873535156e+02,
       1.5106396484375000e+02, 1.9554522705078125e+02,
       2.3894361877441406e+02, 2.8141171264648438e+02,
       3.2270684814453125e+02, 3.6330404663085938e+02,
       5.8056118011474609e+01, 1.0495818328857422e+02,
       1.5074220275878906e+02, 1.9546714782714844e+02,
       2.3912969970703125e+02, 2.8160772705078125e+02,
       3.2330505371093750e+02, 3.6377127075195312e+02,
       5.7318782806396484e+01, 1.0452282714843750e+02,
       1.5050736999511719e+02, 1.9541651916503906e+02,
       2.3924256896972656e+02, 2.8192309570312500e+02,
       3.2362924194335938e+02, 3.6447457885742188e+02,
       1.4219955444335938e+02, 1.4284846496582031e+02,
       1.4360589599609375e+02, 1.4438145446777344e+02,
       1.4504324340820312e+02, 1.4566023254394531e+02,
       1.4641735839843750e+02, 1.4703985595703125e+02,
       1.8500625610351562e+02, 1.8528471374511719e+02,
       1.8546127319335938e+02, 1.8562014770507812e+02,
       1.8580961608886719e+02, 1.8610119628906250e+02,
       1.8633445739746094e+02, 1.8648136901855469e+02,
       2.2829589843750000e+02, 2.2790107727050781e+02,
       2.2760910034179688e+02, 2.2738494873046875e+02,
       2.2706936645507812e+02, 2.2670643615722656e+02,
       2.2649057006835938e+02, 2.2628579711914062e+02,
       2.7181765747070312e+02, 2.7100357055664062e+02,
       2.7023202514648438e+02, 2.6938180541992188e+02,
       2.6856326293945312e+02, 2.6773385620117188e+02,
       2.6705682373046875e+02, 2.6636138916015625e+02,
       3.1583401489257812e+02, 3.1446368408203125e+02,
       3.1312731933593750e+02, 3.1172039794921875e+02,
       3.1045074462890625e+02, 3.0922012329101562e+02,
       3.0787445068359375e+02, 3.0666601562500000e+02,
       3.6027127075195312e+02, 3.5830096435546875e+02,
       3.5638665771484375e+02, 3.5449548339843750e+02,
       3.5264721679687500e+02, 3.5085443115234375e+02,
       3.4917440795898438e+02, 3.4745404052734375e+02 ]
